data/2006/output_2006_000000016000_Morphology.asc
ncols		517
nrows		378
xllcorner	499547.500000
yllcorner	4174982.500000
cellsize	10.000000
NODATA_value	0.000000
[rows 120 to 143 of 378, columns 432 to 485 of 517]
1907.900000 1905.300000 1902.700000 1900.300000 1899.900000 1898.800000 1897.000000 1895.700000 1894.500000 1894.200000 1893.000000 1894.800000 1893.900000 1894.400000 1893.200000 1893.300000 1892.800000 1890.000000 1887.800000 1890.800000 1891.300000 1891.300000 1888.800000 1884.200000 1883.200000 1882.500000 1881.900000 1880.100000 1878.200000 1876.600000 1873.400000 1870.300000 1865.900000 1862.600000 1861.000000 1859.100000 1856.600000 1854.500000 1853.400000 1850.200000 1846.300000 1844.400000 1841.200000 1837.800000 1833.000000 1830.100000 1827.300000 1826.000000 1823.700000 1822.200000 1820.900000 1817.700000 1813.400000 1807.700000
1905.800000 1901.400000 1899.600000 1899.800000 1898.200000 1896.400000 1895.200000 1894.200000 1893.800000 1893.900000 1892.400000 1892.600000 1892.500000 1893.100000 1892.100000 1892.400000 1892.500000 1890.500000 1887.200000 1886.900000 1889.700000 1890.100000 1888.100000 1885.800000 1884.200000 1882.200000 1880.300000 1878.300000 1877.000000 1874.200000 1870.800000 1868.500000 1865.000000 1863.100000 1859.900000 1858.300000 1857.300000 1855.100000 1852.400000 1849.300000 1844.200000 1842.100000 1840.000000 1837.100000 1831.700000 1827.100000 1825.900000 1823.400000 1821.500000 1820.800000 1819.300000 1816.000000 1813.000000 1809.200000
1904.000000 1900.200000 1897.700000 1898.100000 1896.500000 1895.000000 1892.600000 1892.900000 1893.400000 1892.500000 1891.200000 1891.000000 1891.200000 1891.500000 1888.700000 1888.500000 1891.300000 1890.300000 1887.300000 1886.100000 1886.500000 1888.400000 1887.400000 1885.300000 1884.600000 1882.500000 1879.100000 1876.800000 1876.500000 1873.600000 1870.100000 1866.200000 1866.100000 1864.900000 1862.500000 1860.600000 1859.100000 1855.400000 1853.000000 1848.900000 1844.400000 1840.800000 1836.700000 1834.200000 1831.800000 1827.800000 1824.900000 1823.100000 1819.900000 1818.100000 1815.700000 1815.100000 1812.200000 1809.600000
1901.400000 1899.300000 1898.000000 1896.600000 1895.300000 1893.100000 1891.500000 1891.800000 1891.700000 1891.300000 1889.700000 1889.000000 1888.900000 1888.600000 1887.100000 1885.500000 1888.500000 1889.400000 1888.300000 1883.900000 1883.000000 1882.800000 1883.300000 1882.900000 1881.400000 1880.800000 1878.300000 1875.100000 1874.200000 1872.600000 1870.100000 1866.700000 1865.000000 1862.300000 1860.300000 1858.100000 1856.100000 1854.600000 1851.300000 1848.100000 1844.600000 1841.900000 1837.800000 1832.800000 1831.000000 1828.800000 1826.500000 1823.300000 1820.400000 1818.700000 1815.800000 1813.600000 1811.700000 1808.800000
1900.800000 1899.400000 1898.200000 1895.700000 1894.200000 1893.000000 1891.600000 1890.700000 1889.900000 1889.400000 1889.000000 1888.100000 1888.500000 1886.900000 1884.500000 1883.600000 1886.200000 1888.600000 1886.700000 1883.300000 1881.900000 1881.000000 1881.300000 1881.000000 1879.800000 1878.400000 1877.200000 1875.500000 1872.200000 1870.900000 1869.300000 1866.700000 1864.400000 1862.500000 1859.100000 1856.400000 1853.800000 1852.000000 1848.900000 1848.500000 1846.200000 1842.900000 1839.800000 1835.000000 1831.200000 1829.300000 1827.000000 1825.200000 1822.100000 1818.200000 1815.000000 1813.300000 1810.000000 1807.800000
1902.100000 1900.000000 1898.100000 1896.100000 1893.600000 1892.100000 1891.100000 1889.500000 1888.900000 1888.900000 1887.900000 1886.800000 1886.400000 1885.900000 1882.700000 1881.400000 1883.700000 1884.500000 1883.400000 1883.800000 1884.300000 1880.600000 1880.100000 1879.300000 1877.300000 1876.300000 1873.800000 1874.300000 1872.400000 1869.900000 1867.100000 1864.700000 1863.900000 1861.200000 1859.200000 1855.300000 1853.500000 1850.600000 1847.500000 1846.400000 1844.400000 1841.000000 1837.400000 1835.700000 1833.000000 1830.400000 1827.100000 1823.200000 1822.500000 1818.900000 1815.700000 1813.400000 1811.400000 1808.700000
1902.500000 1900.200000 1897.300000 1896.700000 1894.200000 1892.400000 1890.800000 1889.200000 1888.300000 1888.300000 1887.600000 1886.700000 1885.700000 1886.400000 1883.600000 1881.400000 1881.200000 1881.100000 1878.800000 1880.400000 1881.500000 1880.100000 1878.700000 1878.400000 1877.600000 1875.800000 1873.600000 1872.100000 1870.700000 1869.400000 1866.000000 1861.700000 1860.400000 1859.100000 1858.300000 1853.300000 1851.000000 1848.200000 1846.700000 1845.000000 1843.600000 1840.200000 1837.100000 1834.800000 1833.200000 1830.600000 1826.900000 1823.700000 1820.300000 1818.600000 1817.500000 1814.500000 1811.600000 1807.600000
1900.800000 1899.900000 1897.800000 1895.500000 1894.600000 1892.500000 1890.200000 1889.100000 1888.500000 1887.600000 1887.100000 1886.500000 1885.300000 1885.100000 1885.300000 1882.400000 1881.500000 1877.900000 1876.800000 1877.300000 1878.800000 1879.100000 1876.300000 1876.800000 1874.400000 1874.800000 1873.600000 1871.800000 1868.400000 1866.300000 1862.300000 1861.100000 1858.500000 1855.600000 1854.800000 1851.700000 1848.500000 1846.000000 1842.000000 1841.000000 1841.400000 1839.000000 1836.300000 1836.200000 1833.400000 1830.400000 1827.800000 1824.400000 1821.500000 1818.200000 1817.700000 1817.000000 1812.900000 1809.200000
1899.700000 1899.200000 1898.000000 1896.100000 1894.600000 1892.100000 1890.300000 1889.300000 1888.300000 1887.300000 1885.900000 1886.000000 1884.700000 1884.400000 1883.700000 1881.900000 1880.300000 1877.800000 1877.400000 1876.300000 1877.000000 1878.300000 1875.600000 1873.700000 1871.700000 1872.000000 1871.100000 1868.300000 1867.400000 1863.500000 1860.500000 1858.200000 1856.700000 1856.100000 1853.800000 1851.400000 1847.900000 1844.300000 1840.500000 1836.900000 1837.900000 1835.500000 1834.000000 1834.200000 1831.300000 1829.600000 1827.600000 1824.600000 1822.800000 1820.800000 1819.100000 1814.900000 1813.300000 1810.100000
1898.900000 1898.000000 1897.200000 1895.900000 1894.300000 1892.200000 1890.600000 1888.500000 1887.500000 1887.500000 1885.900000 1884.800000 1884.500000 1883.500000 1882.000000 1880.500000 1879.300000 1878.800000 1877.300000 1874.700000 1874.300000 1875.600000 1874.700000 1873.300000 1872.200000 1869.300000 1869.100000 1868.100000 1865.700000 1863.600000 1861.100000 1859.200000 1857.600000 1855.500000 1852.900000 1851.300000 1848.400000 1845.700000 1841.900000 1837.800000 1833.900000 1832.600000 1831.600000 1830.500000 1828.700000 1827.800000 1826.300000 1823.700000 1819.900000 1818.100000 1815.700000 1813.500000 1811.400000 1807.700000
1897.900000 1896.900000 1897.200000 1894.800000 1893.500000 1892.500000 1891.800000 1889.900000 1886.500000 1885.800000 1885.000000 1884.100000 1882.800000 1881.700000 1881.300000 1880.200000 1879.000000 1877.400000 1878.100000 1874.900000 1871.900000 1873.300000 1873.400000 1872.200000 1871.000000 1869.400000 1867.800000 1867.500000 1865.300000 1863.100000 1860.700000 1858.400000 1857.000000 1853.800000 1849.200000 1848.500000 1846.600000 1843.000000 1841.400000 1839.300000 1836.200000 1834.400000 1831.500000 1831.300000 1829.300000 1827.300000 1823.700000 1821.300000 1819.200000 1816.500000 1814.200000 1812.700000 1811.100000 1807.800000
1897.100000 1895.900000 1895.200000 1894.800000 1892.900000 1890.900000 1890.700000 1888.700000 1887.100000 1885.300000 1882.600000 1881.900000 1882.700000 1880.700000 1879.300000 1879.000000 1878.300000 1876.500000 1877.100000 1873.600000 1871.500000 1870.700000 1871.400000 1870.200000 1869.200000 1868.200000 1866.100000 1863.400000 1861.700000 1860.600000 1857.500000 1856.800000 1854.000000 1852.800000 1848.900000 1846.100000 1843.500000 1840.700000 1839.100000 1837.200000 1834.800000 1832.100000 1831.400000 1830.000000 1828.900000 1826.000000 1825.400000 1820.800000 1819.100000 1816.600000 1813.500000 1812.000000 1810.600000 1806.900000
1896.200000 1894.300000 1894.000000 1894.500000 1892.700000 1890.400000 1889.300000 1888.500000 1887.700000 1887.100000 1884.100000 1881.000000 1880.000000 1880.100000 1878.800000 1877.700000 1876.300000 1875.100000 1875.200000 1874.200000 1870.100000 1869.100000 1869.400000 1868.500000 1867.200000 1865.100000 1864.000000 1862.400000 1859.200000 1857.500000 1858.100000 1856.200000 1853.300000 1851.500000 1848.700000 1845.800000 1842.000000 1839.600000 1837.300000 1835.700000 1832.900000 1830.600000 1827.600000 1825.200000 1825.100000 1824.300000 1824.200000 1820.400000 1818.000000 1817.000000 1813.800000 1812.000000 1811.300000 1808.300000
1894.200000 1893.100000 1893.400000 1893.100000 1892.000000 1889.700000 1887.900000 1888.000000 1886.900000 1885.900000 1883.700000 1880.600000 1878.600000 1878.200000 1877.200000 1877.500000 1874.800000 1873.800000 1873.500000 1872.100000 1871.000000 1869.900000 1868.700000 1866.800000 1865.800000 1863.600000 1861.700000 1860.400000 1858.300000 1856.500000 1854.900000 1855.800000 1854.400000 1850.300000 1847.000000 1845.500000 1841.400000 1839.100000 1835.500000 1834.900000 1832.000000 1829.000000 1826.600000 1823.100000 1824.100000 1822.000000 1821.400000 1819.100000 1817.200000 1814.300000 1812.300000 1811.000000 1809.200000 1807.000000
1893.500000 1892.200000 1891.300000 1891.600000 1891.300000 1889.700000 1886.300000 1885.500000 1884.500000 1884.700000 1883.000000 1879.700000 1877.300000 1876.200000 1875.800000 1875.900000 1875.200000 1872.700000 1872.200000 1871.800000 1870.700000 1868.400000 1867.400000 1865.400000 1864.600000 1861.300000 1859.800000 1857.500000 1856.200000 1855.400000 1853.300000 1851.200000 1851.600000 1848.800000 1845.500000 1844.400000 1840.600000 1837.500000 1834.700000 1832.800000 1831.000000 1828.500000 1825.500000 1823.100000 1820.000000 1819.000000 1819.000000 1817.100000 1815.300000 1813.700000 1811.100000 1809.400000 1808.300000 1805.600000
1893.100000 1892.300000 1889.900000 1889.300000 1889.500000 1887.700000 1885.200000 1884.200000 1884.600000 1882.800000 1881.900000 1878.600000 1876.100000 1875.700000 1875.100000 1873.900000 1873.900000 1873.300000 1871.700000 1870.600000 1869.400000 1867.200000 1866.300000 1863.600000 1863.500000 1860.700000 1857.300000 1855.900000 1854.500000 1853.700000 1852.300000 1848.800000 1846.900000 1847.600000 1845.000000 1842.200000 1839.500000 1837.300000 1835.100000 1833.500000 1830.800000 1828.100000 1825.300000 1822.400000 1820.000000 1817.000000 1815.000000 1813.700000 1812.000000 1812.000000 1809.700000 1807.100000 1806.300000 1802.500000
1891.600000 1890.500000 1890.500000 1888.000000 1886.900000 1886.300000 1884.300000 1882.800000 1882.000000 1882.100000 1880.700000 1878.500000 1876.100000 1873.500000 1874.100000 1872.400000 1872.400000 1872.200000 1870.900000 1868.800000 1868.300000 1866.900000 1864.600000 1863.200000 1861.200000 1860.200000 1859.200000 1856.200000 1853.500000 1851.600000 1849.200000 1847.300000 1846.300000 1846.200000 1845.300000 1843.100000 1839.300000 1837.700000 1834.500000 1833.000000 1830.300000 1828.300000 1824.600000 1822.100000 1819.900000 1816.900000 1814.900000 1811.400000 1810.100000 1808.400000 1806.600000 1804.100000 1803.900000 1800.000000
1889.500000 1888.100000 1887.600000 1887.500000 1884.700000 1885.400000 1882.700000 1881.100000 1880.000000 1878.600000 1877.800000 1876.600000 1875.000000 1873.100000 1871.400000 1872.000000 1871.200000 1871.200000 1870.700000 1868.600000 1866.600000 1865.200000 1863.000000 1862.300000 1862.700000 1858.800000 1858.300000 1857.200000 1853.500000 1851.000000 1848.900000 1846.300000 1844.900000 1844.200000 1843.200000 1841.800000 1840.300000 1837.200000 1833.900000 1829.600000 1828.600000 1826.800000 1824.800000 1823.200000 1820.500000 1818.000000 1814.200000 1811.200000 1810.400000 1807.700000 1805.900000 1804.300000 1801.600000 1800.600000
1885.600000 1886.500000 1885.600000 1884.900000 1885.100000 1882.100000 1881.700000 1879.600000 1878.000000 1876.500000 1875.800000 1873.800000 1872.500000 1872.200000 1871.200000 1871.200000 1871.500000 1870.800000 1870.000000 1868.500000 1867.200000 1865.000000 1861.100000 1860.300000 1859.700000 1859.000000 1856.400000 1856.000000 1853.800000 1850.700000 1848.500000 1846.900000 1845.400000 1842.700000 1841.400000 1840.800000 1839.700000 1837.600000 1834.300000 1831.500000 1829.600000 1828.400000 1825.400000 1822.800000 1821.000000 1817.600000 1815.900000 1813.100000 1811.000000 1808.100000 1804.100000 1803.100000 1801.100000 1798.200000
1884.700000 1884.200000 1883.400000 1882.500000 1881.900000 1882.200000 1880.100000 1879.900000 1877.100000 1874.500000 1873.400000 1871.000000 1868.900000 1870.200000 1870.000000 1868.000000 1868.100000 1869.500000 1869.400000 1867.900000 1865.600000 1864.000000 1862.000000 1858.200000 1858.000000 1856.300000 1856.000000 1853.700000 1852.200000 1849.800000 1847.100000 1845.800000 1843.800000 1842.100000 1839.800000 1837.900000 1838.300000 1836.200000 1833.800000 1831.500000 1830.700000 1830.300000 1828.200000 1825.200000 1822.300000 1818.400000 1814.300000 1811.200000 1809.100000 1808.500000 1804.500000 1802.300000 1799.100000 1797.600000
1884.700000 1882.400000 1882.000000 1881.700000 1880.000000 1879.500000 1878.800000 1877.100000 1876.800000 1873.900000 1872.100000 1869.500000 1867.100000 1869.000000 1868.700000 1865.900000 1865.300000 1866.400000 1867.500000 1866.600000 1864.800000 1863.300000 1861.400000 1857.200000 1854.800000 1855.800000 1853.600000 1851.800000 1849.900000 1850.600000 1847.500000 1845.000000 1841.700000 1840.000000 1836.900000 1836.100000 1835.400000 1833.900000 1832.200000 1830.700000 1829.200000 1827.500000 1826.300000 1824.500000 1821.800000 1817.000000 1813.400000 1811.200000 1807.800000 1806.100000 1801.900000 1799.800000 1798.500000 1796.200000
1882.000000 1880.800000 1880.500000 1879.800000 1878.600000 1876.800000 1876.000000 1876.500000 1873.800000 1873.300000 1870.900000 1869.500000 1867.900000 1867.400000 1866.800000 1865.500000 1863.800000 1862.800000 1862.700000 1863.800000 1863.300000 1861.500000 1860.400000 1857.700000 1852.900000 1852.400000 1852.900000 1851.400000 1849.200000 1847.400000 1846.400000 1845.100000 1843.500000 1841.400000 1838.800000 1835.800000 1833.900000 1832.300000 1829.900000 1828.300000 1826.700000 1825.000000 1822.400000 1819.600000 1818.800000 1816.600000 1813.500000 1810.000000 1805.700000 1802.900000 1800.800000 1797.100000 1797.300000 1794.200000
1881.000000 1879.400000 1878.500000 1878.000000 1876.600000 1874.800000 1874.000000 1873.100000 1872.900000 1871.600000 1871.700000 1868.800000 1868.600000 1866.000000 1863.200000 1862.500000 1861.200000 1859.600000 1858.700000 1859.300000 1860.400000 1859.800000 1858.800000 1857.000000 1852.900000 1850.700000 1851.700000 1850.300000 1849.600000 1847.500000 1845.500000 1843.600000 1842.100000 1840.600000 1838.900000 1835.400000 1832.500000 1831.400000 1829.900000 1827.600000 1824.700000 1822.200000 1820.900000 1818.300000 1815.900000 1815.400000 1813.100000 1810.600000 1807.400000 1801.900000 1798.900000 1796.800000 1796.000000 1794.300000
1879.400000 1878.200000 1876.900000 1875.800000 1875.300000 1874.100000 1873.000000 1870.600000 1870.500000 1870.300000 1869.600000 1868.000000 1866.900000 1864.600000 1862.800000 1862.300000 1860.000000 1858.000000 1856.600000 1856.900000 1855.900000 1857.700000 1857.200000 1855.300000 1851.700000 1850.200000 1849.400000 1848.700000 1848.000000 1846.800000 1844.300000 1842.000000 1841.500000 1839.000000 1836.900000 1834.400000 1833.100000 1831.100000 1829.600000 1826.900000 1824.600000 1822.000000 1819.200000 1818.000000 1814.800000 1812.400000 1812.300000 1810.200000 1807.000000 1804.300000 1800.300000 1799.200000 1795.100000 1792.600000
