data/2006/output_2006_000000016000_SolidifiedLavaThickness.asc
ncols		517
nrows		378
xllcorner	499547.500000
yllcorner	4174982.500000
cellsize	10.000000
NODATA_value	0.000000
[rows 168 to 195 of 378, columns 315 to 377 of 517]
0.000000 0.000000 0.000000 0.000000 0.000000 0.000000 0.000000 0.000000 0.000000 0.000000 0.000000 0.000000 0.000000 0.000000 0.000000 0.000000 0.000000 0.000000 0.000000 0.000000 5.060133 6.550083 4.582868 4.736648 9.832447 5.226476 5.432732 5.558978 5.483108 5.547600 5.810354 5.952506 6.365275 7.096848 7.454139 7.291682 6.468494 10.078690 9.834862 8.420191 8.320191 8.198882 7.684757 2.194200 0.000000 0.000000 0.000000 0.000000 0.000000 0.000000 0.000000 0.000000 0.000000 0.000000 0.000000 0.000000 0.000000 0.000000 0.000000 0.000000 0.000000 0.000000 0.000000
0.000000 0.000000 0.000000 0.000000 1.628084 3.616958 5.069099 4.443785 4.916212 4.985628 2.538804 4.690474 0.000000 0.000000 0.000000 0.000000 0.000000 0.000000 0.000000 6.063093 7.288892 4.666488 8.650087 4.719803 4.866059 5.133863 5.350378 5.478538 5.439155 5.428986 5.504722 5.765480 5.888157 6.723354 6.830937 6.947244 7.116891 9.876568 9.013123 9.025255 9.366676 8.261226 8.079732 7.732781 3.734826 0.000000 0.000000 0.000000 0.000000 0.000000 0.000000 0.000000 0.000000 0.000000 0.000000 0.000000 0.000000 0.000000 0.000000 0.000000 0.000000 0.000000 0.000000
0.000000 0.000000 2.111428 3.945005 6.001102 6.533216 5.899489 5.850656 6.233033 6.013021 6.399545 5.640264 5.798913 6.116592 6.807655 7.280323 7.518658 7.731401 8.175926 8.700487 3.951795 8.135274 4.597402 4.215525 4.826050 5.062213 5.302739 5.408358 5.485968 5.470842 5.487402 5.562978 5.819803 6.154777 6.347430 6.808544 6.991769 10.007979 9.063799 7.196426 8.377210 8.479732 8.530621 8.110502 4.910415 0.000000 0.000000 0.000000 0.000000 0.000000 0.000000 0.000000 0.000000 0.000000 0.000000 0.000000 0.000000 0.000000 0.000000 0.000000 0.000000 0.000000 0.000000
4.970015 4.961030 5.776122 3.758502 4.267062 4.161223 3.799894 4.232513 3.908514 4.038734 3.816111 3.645511 3.252658 3.377413 2.982748 3.385574 3.302240 3.131483 4.045225 3.371270 3.823931 3.619083 3.778666 4.668698 4.853388 5.131582 5.289975 5.418160 5.432702 5.398401 5.415844 5.486912 5.510150 5.784651 6.155375 6.299862 7.458530 5.774521 6.913583 7.296426 6.985945 8.719841 8.910599 8.227755 4.980310 0.000000 0.000000 0.000000 0.000000 0.000000 0.000000 0.000000 0.000000 0.000000 0.000000 0.000000 0.000000 0.000000 0.000000 0.000000 0.000000 0.000000 0.000000
3.830974 3.168631 3.407987 1.880748 3.581096 2.162205 2.252461 3.625235 2.739527 2.865122 2.517919 2.259620 2.483314 4.026387 3.665122 3.655581 3.911072 4.007577 3.749226 3.322273 3.248219 3.129634 3.473291 4.616160 4.606984 5.010736 5.322889 5.376130 5.422888 5.272755 5.374661 5.448468 5.509962 5.593793 5.844747 6.610002 6.280607 6.953446 11.043698 10.448185 7.367136 9.019841 7.220285 7.314710 7.541200 2.117754 1.860757 1.948421 0.000000 0.000000 0.000000 0.000000 0.000000 0.000000 0.000000 0.000000 0.000000 0.000000 0.000000 0.000000 0.000000 0.000000 0.000000
3.727931 3.018087 2.627979 2.378529 3.017476 2.220836 2.121573 3.947227 3.328588 2.969098 3.313232 2.704479 4.233838 3.366684 3.482187 3.422278 3.851065 3.922455 3.928039 3.875651 3.900689 3.728335 3.715975 4.475470 4.706669 4.993549 5.119223 5.317124 5.447085 5.410744 5.365014 5.349770 5.370313 5.463322 5.654408 6.049544 6.318573 10.694793 6.879703 10.764012 10.213537 7.120140 8.420809 7.530023 7.853332 7.419781 7.681575 6.848194 2.887996 0.000000 0.000000 0.000000 0.000000 0.000000 0.000000 0.000000 0.000000 0.000000 0.000000 0.000000 0.000000 0.000000 0.000000
2.932570 4.045589 4.148726 2.747573 4.029816 2.701430 3.956716 2.252496 4.033515 6.502028 6.618851 4.223070 4.037368 4.315766 3.811965 3.830840 3.885286 4.020407 3.882850 2.934827 3.103896 3.899299 4.353541 4.550741 4.709317 4.906415 5.153200 5.304011 5.400885 5.429293 5.318659 5.317169 5.373812 5.381035 5.599759 5.878728 6.118027 6.661550 6.624769 6.720819 10.029684 8.684836 7.954287 7.754287 7.770110 7.770661 7.035984 6.312117 4.113608 0.000000 0.000000 0.000000 0.000000 0.000000 0.000000 0.000000 0.000000 0.000000 0.000000 0.000000 0.000000 0.000000 0.000000
3.591192 2.925117 3.531569 2.854583 2.898758 2.784796 2.750142 2.195289 1.490838 2.650426 2.846286 2.589954 3.784141 3.724566 3.204250 4.138678 3.449685 2.825533 2.926549 3.897320 3.142980 3.340507 4.178460 4.663207 4.802610 4.972029 5.113478 5.269407 5.380184 5.342561 5.397372 5.320426 5.358528 5.408226 5.452423 6.099282 6.499282 6.081245 6.268338 6.584311 6.587772 8.441486 9.359537 8.776897 8.248980 7.711583 7.610861 6.222642 4.376435 0.000000 0.000000 0.000000 0.000000 0.000000 0.000000 0.000000 0.000000 0.000000 0.000000 0.000000 0.000000 0.000000 0.000000
3.053965 4.089129 2.846658 3.416268 2.460649 2.459917 5.970446 5.716139 3.422944 2.621189 2.702182 2.446255 3.970737 3.605957 3.785132 3.969162 3.151168 3.160997 3.240484 3.012569 3.185838 3.942403 4.169922 4.707929 4.104236 4.975322 5.198054 5.337821 5.321918 5.315495 5.382262 5.280749 5.391995 5.396811 5.462886 5.677425 5.464806 5.757906 5.867400 6.238180 6.609804 9.462654 6.998650 9.354659 7.669572 4.713269 5.498633 5.136504 2.192623 0.000000 0.000000 0.000000 0.000000 0.000000 0.000000 0.000000 0.000000 0.000000 0.000000 0.000000 0.000000 0.000000 0.000000
2.108514 2.661647 3.438208 3.870008 3.585148 4.137197 3.766843 3.776778 2.999185 3.700783 2.921065 3.491991 2.870154 2.450317 3.292118 2.759799 3.103360 2.767043 2.265019 2.353159 3.331884 4.289548 4.407613 4.103764 4.779123 4.904212 5.219981 5.330013 5.322813 5.223101 5.379186 5.282023 5.199015 5.295871 4.708941 5.465006 5.456442 5.393223 5.706559 5.994965 6.325636 6.617028 10.101822 6.885339 8.639649 6.691475 6.161957 6.246881 5.808404 1.914017 1.653701 0.000000 0.000000 0.000000 0.000000 0.000000 0.000000 0.000000 0.000000 0.000000 0.000000 0.000000 0.000000
3.720138 4.419440 5.115954 2.150933 3.189562 3.147804 4.362058 4.032943 4.098845 5.939163 5.494106 5.939813 5.861679 6.747831 7.833920 7.762496 8.109249 8.357087 4.108484 4.001518 3.893249 4.042812 4.526092 4.606415 4.354820 4.949335 5.116654 5.392666 5.345415 5.269606 5.376715 5.179747 5.099604 5.284246 5.344258 5.479447 5.347919 5.457407 5.675943 6.037750 5.962173 6.628399 6.638580 9.338767 6.938709 7.732896 6.620413 7.564165 7.289981 7.381112 2.966493 0.000000 0.000000 0.000000 0.000000 0.000000 0.000000 0.000000 0.000000 0.000000 0.000000 0.000000 0.000000
5.502853 5.300881 6.253025 6.975666 3.896053 4.399106 4.272266 3.625151 3.723227 4.195474 4.160946 6.854888 5.870372 5.989801 6.749847 8.265930 8.143844 8.829482 7.805891 6.422380 2.684036 4.024685 4.009167 4.848531 4.958673 5.076045 5.224695 5.459287 5.394943 5.369295 5.314933 5.269543 5.350399 5.371029 5.366869 5.337900 5.277130 5.460476 5.224934 5.864924 6.173509 6.282376 6.519711 9.511281 7.532896 7.019044 7.153139 7.964165 7.493455 7.581112 6.484786 0.000000 0.000000 0.000000 0.000000 0.000000 0.000000 0.000000 0.000000 0.000000 0.000000 0.000000 0.000000
4.013641 1.740814 2.293022 2.160674 4.639612 4.122027 4.539281 3.972666 6.530477 3.306718 3.950779 3.022159 2.644368 3.894488 3.729069 4.301380 4.034399 4.217184 4.490433 3.147076 4.461878 4.277386 3.652600 4.970556 5.094025 5.253845 5.431971 5.425162 5.395066 5.326454 5.295500 5.324111 5.340149 5.258169 5.247752 5.344889 5.300235 5.318656 5.518289 5.810313 5.961611 6.253490 9.717579 9.338767 7.044677 7.686098 7.546841 8.254913 7.555121 7.516986 6.862603 6.011681 0.000000 0.000000 0.000000 0.000000 0.000000 0.000000 0.000000 0.000000 0.000000 0.000000 0.000000
6.563514 6.768546 6.936127 7.399932 6.227989 5.661329 6.256141 6.226480 3.250624 3.837691 3.977968 2.516541 2.815823 2.752421 2.103234 2.365709 2.422834 3.914223 4.611443 4.758984 4.503075 4.336767 3.434470 4.978492 5.219111 5.324464 5.637294 5.397428 5.417036 5.354822 5.369363 5.335344 5.328710 5.325342 5.362998 5.324824 5.394133 5.359420 5.367501 5.519720 5.903957 6.209379 6.258985 9.169216 7.091664 8.037756 8.354913 8.391309 7.404027 7.787201 7.466263 5.621842 0.000000 0.000000 0.000000 0.000000 0.000000 0.000000 0.000000 0.000000 0.000000 0.000000 0.000000
0.000000 2.249229 3.373167 1.141314 0.000000 1.370060 2.992342 7.115611 6.740517 5.506663 3.897959 2.907752 3.007310 3.577401 3.169422 2.896059 3.917826 3.616277 3.826692 2.798047 4.173267 4.334412 3.580045 4.894118 5.167603 5.385579 5.399061 5.363228 5.395458 5.498859 5.413993 5.383988 5.388272 5.354593 5.376084 5.320395 5.326162 5.270593 5.351836 5.330313 5.621679 5.974508 10.528468 6.214184 6.180604 6.164349 6.340780 7.704844 7.221526 8.244786 7.347175 5.870300 0.000000 0.000000 0.000000 0.000000 0.000000 0.000000 0.000000 0.000000 0.000000 0.000000 0.000000
0.000000 3.666467 4.194896 6.353473 7.217181 5.814211 7.387078 3.515829 3.219647 8.223411 8.660339 8.379687 7.395861 6.600963 6.712907 8.053762 8.924694 3.710194 3.660716 7.257691 8.177439 8.238850 4.303779 4.250901 4.769071 3.533583 4.090645 5.375008 5.474948 5.449016 5.415359 5.426539 5.463855 5.404249 5.402846 5.361528 5.364505 5.106111 5.261670 5.417212 5.497081 5.004006 11.330149 9.386642 9.212988 6.247682 6.521984 8.291686 7.727676 6.210385 3.902991 2.390740 0.000000 0.000000 0.000000 0.000000 0.000000 0.000000 0.000000 0.000000 0.000000 0.000000 0.000000
3.970641 6.707037 3.128541 3.319106 3.364376 3.289672 3.133809 3.048829 3.148091 3.618190 2.256266 3.170127 2.889380 3.080868 3.847078 4.317894 4.672213 5.697765 4.852315 2.265406 5.073400 3.683126 3.649420 4.676988 4.821819 4.933696 5.167386 5.390208 5.512831 5.469099 5.385603 5.395663 5.419171 5.431204 5.470699 5.257615 5.475779 5.214888 5.321780 5.102701 5.409449 5.927976 6.036333 9.974216 9.232098 8.184013 6.571077 6.234803 7.206313 6.921338 3.344287 3.216870 0.000000 0.000000 0.000000 0.000000 0.000000 0.000000 0.000000 0.000000 0.000000 0.000000 0.000000
5.698318 2.369367 2.091350 2.580895 2.524723 1.534236 3.526320 3.583290 3.293180 3.734527 3.208673 3.306817 3.205487 6.511010 5.742464 5.488434 4.813849 6.699210 7.597651 3.985106 3.844946 5.499089 5.586237 5.493943 4.834479 4.958883 5.350518 5.459720 5.531744 5.509652 5.358127 5.409014 5.384692 5.401826 5.422665 5.360895 5.415787 5.843263 5.418998 5.418695 5.309593 5.551013 5.754860 5.802745 5.827177 9.081069 6.678993 7.686572 7.197740 7.274892 6.977935 3.880745 0.000000 0.000000 0.000000 0.000000 0.000000 0.000000 0.000000 0.000000 0.000000 0.000000 0.000000
3.854228 3.696189 2.400891 3.642628 7.301589 5.974498 6.128784 6.229441 7.788440 7.923379 3.382757 3.920009 6.195178 3.442249 4.791630 4.646611 3.946791 5.150398 5.395471 7.236822 4.592561 4.891950 5.113934 4.956336 4.471639 4.952386 5.088971 5.078695 5.340884 5.602455 5.507230 5.369937 5.379844 5.370486 5.337096 5.430152 5.391454 5.843263 5.318010 4.746739 5.458004 5.387581 5.283733 5.501813 9.161582 5.950402 6.936927 8.035735 7.374892 7.339161 6.088523 3.575868 0.000000 0.000000 0.000000 0.000000 0.000000 0.000000 0.000000 0.000000 0.000000 0.000000 0.000000
4.342080 7.510765 6.524973 7.045829 7.215654 5.410547 5.663919 7.360382 5.605104 6.922052 5.888382 3.372213 4.810703 3.889659 3.176089 2.778788 3.642163 4.299766 4.529584 4.223108 4.145127 5.277399 5.045901 5.205683 4.854363 4.922013 3.972701 4.222772 5.152390 5.518637 5.531744 5.409014 5.375516 5.367098 5.404830 5.387824 5.300987 5.334471 5.277577 5.096838 5.260406 5.316804 4.788699 4.995828 5.135259 10.890410 10.014674 7.243634 6.402661 6.988524 6.821264 1.979968 0.000000 0.000000 0.000000 0.000000 0.000000 0.000000 0.000000 0.000000 0.000000 0.000000 0.000000
3.679319 3.815654 3.923845 4.646329 3.905109 3.506910 4.316671 3.590444 2.799899 3.408833 4.588323 4.888730 3.306617 8.026768 7.338692 7.946009 4.027443 4.221959 4.521137 4.297318 4.038860 4.850062 4.326628 5.215410 5.723040 5.093638 5.352725 5.276536 4.951841 5.188639 5.603765 5.399234 5.432285 5.386777 5.383526 5.387200 5.105622 5.171433 4.194723 5.167026 5.117502 5.297220 5.091843 5.756445 5.476443 8.792750 9.577496 7.213564 7.385475 4.997533 5.582306 4.127394 0.000000 0.000000 0.000000 0.000000 0.000000 0.000000 0.000000 0.000000 0.000000 0.000000 0.000000
4.172312 3.641235 4.539184 3.737902 3.038156 3.477208 3.729055 3.460347 3.268589 4.271508 4.018772 7.278866 7.705502 7.048089 7.153625 7.125527 6.630947 3.317113 3.751648 4.725261 4.470364 5.068566 3.946295 4.520074 4.738530 5.497706 5.453211 5.489862 5.316772 5.073047 5.140355 5.533054 5.502994 5.365040 5.451730 5.437449 5.178355 5.258562 4.311623 5.094942 4.853649 5.342694 5.395911 5.283851 5.386736 5.779584 10.571174 8.277062 6.736528 5.970326 6.410323 5.098729 0.000000 0.000000 0.000000 0.000000 0.000000 0.000000 0.000000 0.000000 0.000000 0.000000 0.000000
8.476986 6.797238 7.028584 7.178505 4.583190 4.071851 3.886997 4.347356 4.026583 7.098559 7.170678 3.902938 4.120610 4.684362 3.895927 3.420304 3.567176 3.261970 4.074884 4.772419 4.916198 4.658451 5.098823 5.078091 4.987452 5.506758 5.585879 5.443940 5.215374 4.606016 5.030357 5.502994 5.495264 5.510538 5.500102 5.413221 5.331879 5.371690 5.083830 4.974726 5.255433 5.020971 5.079767 4.649039 5.124453 4.944095 5.880380 10.159413 7.870326 6.515000 7.437347 5.449339 4.243876 0.000000 0.000000 0.000000 0.000000 0.000000 0.000000 0.000000 0.000000 0.000000 0.000000
6.302065 4.106782 4.403741 6.711009 3.779598 4.248362 5.019341 4.780833 4.711416 4.280221 3.495088 3.653045 3.239319 3.477493 3.014575 4.422103 3.665473 3.498910 4.340598 3.205692 3.810766 3.733391 5.214895 5.398307 7.921250 7.221250 5.695532 5.387617 5.182372 5.038607 5.155297 5.439480 5.454504 5.505788 5.522446 5.508159 5.414293 5.320590 5.356293 4.720295 5.073737 5.298881 5.108150 4.955792 5.411370 5.428958 5.593140 6.051620 9.103042 10.244637 10.593612 7.941244 7.655206 0.000000 0.000000 0.000000 0.000000 0.000000 0.000000 0.000000 0.000000 0.000000 0.000000
4.876183 6.308544 5.208544 4.320489 2.899900 5.023871 5.280759 5.166513 4.748914 3.599158 3.012099 3.294589 3.644703 3.835514 3.881149 4.242868 4.394891 3.295838 7.128417 4.384304 4.575217 4.248565 4.860967 5.287592 5.512983 5.587798 5.685183 6.331929 5.597378 4.906315 5.286133 5.415973 5.415958 5.368584 5.439269 5.315765 5.299268 5.306409 5.092663 5.182107 4.969364 4.331722 4.510981 4.698317 4.994920 5.506441 5.666280 5.736190 5.838224 5.916716 9.791637 9.007825 8.703058 0.000000 0.000000 0.000000 0.000000 0.000000 0.000000 0.000000 0.000000 0.000000 0.000000
3.904769 5.199499 4.934674 4.409392 4.117197 6.746144 7.364513 5.883677 5.111615 5.141989 6.093692 4.880510 4.664625 5.041225 5.403814 5.527024 5.098299 5.670871 7.349738 5.557168 4.353205 4.185615 5.511942 4.898957 5.509772 5.115953 5.604124 5.259950 5.081424 5.225648 5.688887 5.516181 5.137303 5.149424 5.307902 5.293261 5.286597 5.274940 10.605005 5.309503 5.076996 3.665613 4.708204 5.123227 5.484525 5.471111 5.539804 5.605617 5.809593 5.540044 5.986207 9.539196 8.347190 0.000000 0.000000 0.000000 0.000000 0.000000 0.000000 0.000000 0.000000 0.000000 0.000000
5.096587 5.577397 4.910245 4.994798 4.365845 5.060161 5.945274 0.000000 0.000000 0.000000 0.000000 0.000000 0.000000 0.000000 0.000000 0.000000 0.000000 0.000000 0.000000 3.380364 5.205395 7.009151 5.187873 5.336051 5.497602 5.690210 5.518142 4.809949 8.638002 7.803631 3.914176 5.605265 5.278139 6.515723 5.484134 5.397859 5.197374 5.395177 5.323880 10.003991 5.175232 10.049530 5.023952 4.932948 5.021964 5.489196 5.349787 5.581532 5.775965 11.039809 5.981720 5.551279 9.207850 6.182699 0.000000 0.000000 0.000000 0.000000 0.000000 0.000000 0.000000 0.000000 0.000000
0.000000 0.000000 0.000000 0.000000 0.000000 0.000000 0.000000 0.000000 0.000000 0.000000 0.000000 0.000000 0.000000 0.000000 0.000000 0.000000 0.000000 0.000000 0.000000 0.000000 0.000000 4.607288 6.670008 6.035828 6.081898 5.322963 4.180589 8.232839 3.600543 4.281469 5.305389 5.635465 5.631437 5.915723 5.667195 5.441602 5.488793 5.308672 9.884675 5.358515 9.902720 4.369065 5.294335 4.406219 4.920469 5.503508 5.560974 5.300645 10.776144 5.762996 10.324632 5.956484 6.131198 6.482848 0.000000 0.000000 0.000000 0.000000 0.000000 0.000000 0.000000 0.000000 0.000000
