data/2006/output_2006_000000016000_SolidifiedLavaThickness.asc
ncols		517
nrows		378
xllcorner	499547.500000
yllcorner	4174982.500000
cellsize	10.000000
NODATA_value	0.000000
[rows 168 to 195 of 378, columns 252 to 314 of 517]
2.535777 0.000000 0.000000 0.000000 0.000000 0.000000 0.000000 0.000000 0.000000 0.000000 0.000000 0.000000 0.000000 0.000000 0.000000 0.000000 0.000000 0.000000 0.000000 0.000000 0.000000 0.000000 0.000000 0.000000 0.000000 0.000000 0.000000 0.000000 0.000000 0.000000 0.000000 0.000000 0.000000 0.000000 0.000000 0.000000 0.000000 0.000000 0.000000 0.000000 0.000000 0.000000 0.000000 0.000000 0.000000 0.000000 0.000000 0.000000 0.000000 0.000000 0.000000 0.000000 0.000000 0.000000 0.000000 0.000000 0.000000 0.000000 0.000000 0.000000 0.000000 0.000000 0.000000
6.275599 3.462768 2.318670 1.285324 0.000000 0.000000 0.000000 0.000000 0.000000 0.000000 0.000000 0.000000 0.000000 0.000000 0.000000 0.000000 0.000000 0.000000 0.000000 0.000000 0.000000 0.000000 0.000000 0.000000 0.000000 0.000000 0.000000 0.000000 0.000000 0.000000 0.000000 0.000000 0.000000 0.000000 0.000000 0.000000 0.000000 0.000000 0.000000 0.000000 0.000000 0.000000 0.000000 0.000000 0.000000 0.000000 0.000000 0.000000 0.000000 0.000000 0.000000 0.000000 0.000000 0.000000 0.000000 0.000000 0.000000 0.000000 0.000000 0.000000 0.000000 0.000000 0.000000
1.423023 4.570651 5.201399 5.735557 3.383403 3.211232 0.000000 0.000000 0.000000 0.000000 0.000000 0.000000 0.000000 0.000000 0.000000 0.000000 0.000000 0.000000 0.000000 0.000000 0.000000 0.000000 0.000000 0.000000 0.000000 0.000000 0.000000 0.000000 0.000000 0.000000 0.000000 0.000000 0.000000 0.000000 0.000000 0.000000 0.000000 0.000000 0.000000 0.000000 0.000000 0.000000 0.000000 0.000000 0.000000 0.000000 0.000000 0.000000 0.000000 0.000000 0.000000 0.000000 0.000000 0.000000 0.000000 0.000000 0.000000 0.000000 0.000000 0.000000 0.000000 2.097589 0.000000
4.792685 4.712815 2.148084 5.143132 4.905328 6.278177 4.878083 0.000000 0.000000 0.000000 0.000000 0.000000 0.000000 0.000000 0.000000 0.000000 0.000000 0.000000 0.000000 0.000000 0.000000 0.000000 0.000000 0.000000 0.000000 0.000000 0.000000 0.000000 0.000000 0.000000 0.000000 0.000000 0.000000 0.000000 0.000000 0.000000 0.000000 0.000000 0.000000 0.000000 0.000000 0.000000 0.000000 0.000000 0.000000 0.000000 0.000000 0.000000 0.000000 0.000000 0.000000 0.000000 0.000000 0.000000 0.000000 0.000000 1.791630 1.974846 5.735897 6.341795 6.731541 6.015488 5.055950
2.074003 1.764328 5.010757 4.702882 3.838975 3.491276 7.105292 3.085922 3.600497 0.000000 0.000000 0.000000 0.000000 0.000000 0.000000 0.000000 0.000000 0.000000 0.000000 0.000000 0.000000 0.000000 0.000000 0.000000 0.000000 0.000000 0.000000 0.000000 0.000000 0.000000 0.000000 0.000000 0.000000 0.000000 0.000000 0.000000 0.000000 0.000000 0.000000 0.000000 0.000000 0.000000 0.000000 2.396145 4.158417 4.651649 4.203767 2.792482 0.000000 0.000000 0.000000 0.000000 0.000000 3.288867 4.828101 5.897799 6.287080 1.698909 3.751642 3.317195 3.376982 3.299410 2.992360
1.937682 2.655490 2.437120 1.910163 2.651033 4.093233 5.123371 3.267092 6.651970 4.325323 4.417959 0.000000 0.000000 0.000000 0.000000 0.000000 0.000000 0.000000 0.000000 0.000000 0.000000 0.000000 0.000000 0.000000 0.000000 0.000000 0.000000 0.000000 0.000000 0.000000 0.000000 0.000000 0.000000 0.000000 0.000000 2.325780 3.669259 4.782222 5.284804 4.428661 3.419580 3.640108 6.126275 4.002454 3.074788 2.814023 5.974058 5.005166 5.109934 5.362643 5.435809 5.467176 3.612549 3.216360 3.521135 3.483189 3.238382 2.998088 3.477205 4.176661 3.418572 4.052120 4.013971
2.852106 4.553619 5.009194 3.188354 2.799648 1.962412 4.567859 4.094416 3.474611 4.862980 7.133735 5.205713 4.110411 2.324844 0.000000 0.000000 0.000000 0.000000 0.000000 0.000000 0.000000 0.000000 0.000000 0.000000 0.000000 0.000000 0.000000 0.000000 0.000000 0.000000 0.000000 1.289225 3.730946 4.851338 5.933081 6.724187 2.182811 3.239833 3.154864 2.504053 0.994676 1.192322 3.088488 2.993507 2.912200 2.621192 3.609403 2.542681 2.068029 2.205782 1.878365 2.740208 2.246901 2.458443 2.240155 1.630943 3.838188 3.646245 3.705760 3.799587 3.809487 3.126163 2.138470
2.284321 4.293972 3.648417 4.798385 2.418178 3.161995 3.544704 2.431533 3.445917 2.818482 4.151068 1.143368 1.141248 5.258023 4.205373 5.467671 5.108913 0.000000 0.000000 0.000000 0.000000 0.000000 0.000000 0.000000 0.000000 0.000000 0.000000 0.000000 0.807124 4.928444 6.387627 2.844571 2.939929 2.596675 3.163151 3.357928 3.037627 2.751021 1.445603 1.765134 1.329476 3.425194 3.259493 1.156266 3.263984 2.585188 2.279847 1.820877 2.070128 3.470722 1.562938 1.574300 2.450777 3.008728 2.686059 3.283205 3.290406 1.728565 1.869683 2.458855 3.547508 3.069878 4.114274
2.160625 4.510326 2.327805 2.732461 4.827097 2.801433 2.720822 3.591828 2.240195 5.569699 3.843330 1.467828 1.595372 2.626721 2.868956 3.676522 7.892739 6.949750 7.623841 6.198128 0.000000 0.000000 0.000000 0.000000 0.000000 0.000000 1.932889 5.947140 2.775947 1.989682 2.141225 1.384352 3.509905 1.995148 1.759547 2.511173 2.861309 1.568664 1.899242 2.339955 3.226865 3.301255 3.750277 3.689990 3.429637 2.928518 2.995780 3.353335 3.164853 3.535960 3.635949 2.795558 3.761797 3.040443 2.878531 3.993836 2.822765 2.634119 2.115128 1.855610 2.215789 2.707734 3.178510
4.220389 4.504273 2.348255 1.641969 2.176576 3.721809 3.431027 3.697565 3.244946 3.848996 1.174354 1.123037 1.224798 1.517383 2.865071 3.856024 5.228561 5.487731 7.542859 7.481197 0.000000 0.000000 0.000000 3.180862 5.914315 7.190579 3.002486 1.452028 2.053662 3.129718 0.971972 3.283436 1.922312 1.121668 2.414770 3.266388 3.659495 3.264028 3.426233 2.739684 3.327564 3.622058 3.506759 2.608473 1.962705 2.804025 2.518247 1.406574 1.588275 1.740584 0.917796 1.617513 2.519708 3.162947 2.944825 2.954159 3.647717 2.719113 1.968446 2.670712 3.073194 1.580201 2.300357
6.336724 3.932077 6.289630 2.811716 2.707275 3.218731 2.830528 3.379264 5.314691 3.778104 3.165037 3.165389 1.142872 4.165726 3.580321 1.855948 3.693572 5.516273 9.015767 6.307812 5.728140 6.192986 7.223708 0.810710 2.264073 2.325219 3.048493 2.513175 1.755146 1.262382 2.110759 2.139124 2.473998 3.223150 3.163239 2.446359 2.767354 3.357004 3.194937 2.751539 2.960767 2.304074 2.018729 1.714355 1.379180 2.758390 2.981791 2.353935 1.300221 1.954424 0.881489 1.819830 2.587163 3.218054 2.530753 2.357493 1.868407 3.752625 3.725259 2.940107 2.687679 5.490427 4.852145
3.442251 5.191466 2.542610 4.181906 4.048184 2.109831 4.809516 2.744993 3.783745 3.994384 5.699866 3.640254 4.533502 2.642259 4.195617 2.838745 1.990965 3.600615 4.707148 5.161754 4.211901 1.691510 0.899508 1.099391 1.047001 2.627363 2.517264 2.962346 1.621287 0.897522 2.016843 2.173968 1.765676 2.469559 2.685328 2.941909 3.559216 2.488027 2.540719 3.276618 2.146710 2.592977 1.041532 3.327796 5.570384 5.230093 5.291558 4.932482 5.351655 2.015410 1.562338 1.245765 3.053602 7.051329 5.814744 6.582772 6.881883 6.538591 6.242414 5.118363 5.782013 3.877547 6.198545
5.055994 5.299611 5.297842 3.067322 3.438839 4.892636 2.531395 3.998338 3.867861 4.566154 4.939241 3.187704 2.221335 4.772216 3.992861 2.805780 3.187823 2.146001 2.482496 1.468677 0.831769 2.991571 2.429246 1.810667 2.043665 2.809512 1.716203 1.907329 1.729601 0.820694 3.373939 1.463575 1.287177 0.859605 2.448329 3.004844 3.308085 3.584222 3.390939 3.632507 2.450430 5.320997 5.488866 2.500431 3.010620 3.921726 4.040040 3.964476 3.303424 2.725729 2.825836 5.917908 1.617546 1.744222 0.000000 0.000000 1.180647 4.393537 4.998102 4.056049 2.399835 5.198592 2.505253
5.365843 5.031765 5.705752 2.519900 5.882623 5.191402 3.362874 2.796227 4.521400 3.806517 4.155410 4.488854 4.016056 3.912212 3.606122 3.150624 1.875649 1.719260 2.940269 2.069696 2.123977 1.129739 1.221287 1.107771 1.419635 5.086684 2.268156 0.766675 1.016723 1.711073 1.258727 2.980192 1.133209 1.811239 2.304383 2.931150 2.730828 2.482597 2.529385 2.528145 3.929182 3.738232 1.891693 2.908043 3.133216 2.134528 3.231312 2.913409 5.391820 5.397639 4.905898 4.771689 0.000000 0.000000 0.000000 0.000000 0.000000 0.000000 1.414652 4.140482 0.000000 2.506574 4.771483
4.339574 3.124051 5.989329 5.865848 3.648578 1.692767 1.803845 1.471071 2.351294 3.236504 3.666801 3.356987 2.478471 2.684361 2.376439 3.438550 2.030164 7.151483 5.963799 5.552654 2.980991 2.636024 2.792702 3.200090 3.140460 2.312817 2.510389 2.261760 1.163100 0.756259 3.216752 2.921884 3.027032 3.323293 1.436303 2.226922 2.573454 3.323895 2.193679 2.270760 2.691392 2.840672 2.437148 0.946893 5.292323 6.032427 2.436703 3.756820 3.473289 2.708977 1.604447 6.754989 4.239080 3.762926 0.000000 0.000000 0.000000 0.000000 0.000000 0.000000 0.000000 0.000000 0.000000
5.363027 5.103964 4.882285 4.764942 4.738585 4.520451 4.718000 4.746735 5.120252 6.180921 5.580527 3.158403 3.446975 2.186427 1.444634 0.755731 0.946789 3.213842 1.328898 1.628347 1.386584 1.988673 2.260579 2.110837 1.901225 1.275419 0.923504 1.910470 3.084409 2.079985 2.136614 2.363917 2.536684 1.494539 1.215275 0.853516 2.735737 2.743138 5.970091 5.926401 1.801254 2.595574 3.173936 2.853929 2.948539 2.570875 2.452143 5.295511 1.790545 3.654752 3.926468 3.895804 2.912241 7.398460 5.267266 4.298265 4.082355 2.963328 0.000000 0.000000 0.000000 0.000000 0.000000
4.905066 5.156927 5.975771 5.959148 6.643519 5.450759 5.054706 6.096033 5.134544 3.947803 3.500464 2.950254 2.783444 2.147134 1.505605 2.630461 3.211469 2.678916 1.990998 3.333140 2.509228 3.332537 3.647584 3.448113 3.165847 1.195969 1.431855 2.093263 0.852594 1.001311 1.539329 1.285019 3.246390 4.813813 4.358105 1.118699 2.462708 1.922642 2.661870 1.169297 1.987187 2.041703 2.167654 2.595685 3.159029 2.760392 4.094506 2.514454 4.044348 5.198848 3.660510 1.703417 2.810474 3.959873 3.754906 3.156172 6.748041 4.814976 0.000000 0.000000 0.000000 0.000000 0.000000
1.095681 3.970985 5.354233 4.463168 5.613997 5.973709 4.585612 5.088682 3.665016 3.221278 3.085750 2.629316 3.254959 3.253186 2.465038 1.972410 1.813588 2.435075 2.490947 2.578574 2.433182 2.133220 1.719598 1.717031 3.038926 3.091748 2.438345 3.022317 0.794033 0.750293 2.794020 5.657782 2.059254 3.121625 3.066879 1.444398 5.550063 5.601488 6.027763 6.056990 5.127547 4.917750 5.216961 5.792966 5.962756 5.857053 5.890027 1.594432 3.871934 3.772001 3.983522 6.584446 6.748075 3.723899 3.166914 2.659979 2.648314 5.930052 4.372183 4.446457 4.623008 5.572172 5.325384
2.399236 2.796255 2.629072 4.681327 5.792651 4.976013 4.556944 3.278147 3.081311 1.673192 3.204726 2.707331 2.891122 3.303226 2.889722 2.019165 2.078911 2.015967 2.187617 1.916741 1.949819 2.008172 1.525509 2.229706 2.336457 6.844352 5.117098 5.149240 3.909721 4.066473 2.236197 3.552358 2.365553 2.559035 3.575730 2.631965 3.086979 3.322947 1.947450 1.376209 1.567513 2.097806 2.371055 5.762205 4.910943 6.702820 6.390865 5.345131 2.552373 6.058600 3.445537 3.813546 3.607825 6.626561 5.556084 3.633270 1.662214 1.433542 1.384592 3.549921 3.248575 2.924939 2.842201
2.338118 3.034773 2.349904 1.995759 2.467123 2.357951 2.847653 1.797255 0.804077 1.101416 2.384669 1.183294 3.287724 2.957941 2.626257 2.749174 3.326427 2.714260 2.239887 2.275206 2.314471 6.909928 5.317241 5.422629 6.565441 6.614201 3.057100 1.844214 2.428964 0.000000 1.530850 4.761822 5.141623 4.508732 4.668761 4.088514 4.095421 3.029199 2.352231 0.932283 1.271374 2.199152 3.484882 1.813611 1.516157 3.020163 6.222475 5.214485 6.180940 3.337423 7.242897 6.362864 0.983974 3.231381 2.970474 5.470567 5.969923 1.824330 2.199144 2.312650 2.583362 3.624935 4.473104
2.288163 2.130848 1.907914 2.651935 3.240795 2.863455 5.276849 6.294278 6.680493 6.601201 6.122026 5.865082 5.926009 5.811964 5.669973 6.174724 6.552440 5.704083 5.564168 6.280953 6.078005 6.401959 5.007554 4.110459 4.006845 5.214406 4.752665 3.200274 2.091933 0.000000 0.000000 0.000000 0.000000 0.000000 0.000000 0.000000 0.000000 2.562610 5.332572 1.420540 1.689325 2.448342 3.316976 3.646647 2.591721 3.456726 3.364973 3.038396 2.934962 3.646959 3.384358 2.888737 2.394762 6.864921 3.555231 4.175431 6.513570 6.066380 7.153860 2.359350 2.954003 4.293293 4.587148
3.951440 5.112274 6.181633 6.224936 6.428549 5.073321 5.682699 2.782763 2.383544 2.735674 3.438278 2.228973 0.000000 0.000000 0.000000 0.000000 3.465483 4.792472 0.000000 1.891389 4.330531 4.354437 4.966103 4.002430 4.171557 3.179470 3.592469 2.913030 0.000000 0.000000 0.000000 0.000000 0.000000 0.000000 0.000000 0.000000 0.000000 0.000000 0.000000 0.256138 4.774613 6.096569 6.312869 6.642878 3.558688 1.669772 3.752756 4.169050 3.267940 2.952828 3.020560 2.609664 3.201012 4.288629 3.172535 3.907138 3.579894 3.739687 2.334131 4.691640 2.950914 4.324382 4.199628
0.000000 0.000000 0.000000 0.000000 0.000000 0.000000 0.000000 0.000000 0.000000 0.000000 0.000000 0.000000 0.000000 0.000000 0.000000 0.000000 0.000000 0.000000 0.000000 0.000000 0.000000 0.000000 1.607774 2.146092 2.194311 1.750937 4.480386 4.234815 0.000000 0.000000 0.000000 0.000000 0.000000 0.000000 0.000000 0.000000 0.000000 0.000000 0.000000 0.000000 0.000000 0.000000 0.000000 2.982491 3.237216 4.679650 4.390186 5.675536 5.535151 4.879528 4.550393 4.474963 6.194306 3.832486 3.975872 3.740858 3.103608 7.836718 7.427369 5.064840 5.771266 7.623381 5.862249
0.000000 0.000000 0.000000 0.000000 0.000000 0.000000 0.000000 0.000000 0.000000 0.000000 0.000000 0.000000 0.000000 0.000000 0.000000 0.000000 0.000000 0.000000 0.000000 0.000000 0.000000 0.000000 0.000000 0.000000 0.000000 0.000000 0.000000 0.000000 0.000000 0.000000 0.000000 0.000000 0.000000 0.000000 0.000000 0.000000 0.000000 0.000000 0.000000 0.000000 0.000000 0.000000 0.000000 0.000000 0.000000 0.000000 0.000000 0.000000 0.000000 0.000000 0.000000 0.000000 0.000000 1.949526 7.148662 3.116138 4.414366 4.228193 8.104229 6.183414 5.696967 5.349354 5.638350
0.000000 0.000000 0.000000 0.000000 0.000000 0.000000 0.000000 0.000000 0.000000 0.000000 0.000000 0.000000 0.000000 0.000000 0.000000 0.000000 0.000000 0.000000 0.000000 0.000000 0.000000 0.000000 0.000000 0.000000 0.000000 0.000000 0.000000 0.000000 0.000000 0.000000 0.000000 0.000000 0.000000 0.000000 0.000000 0.000000 0.000000 0.000000 0.000000 0.000000 0.000000 0.000000 0.000000 0.000000 0.000000 0.000000 0.000000 0.000000 0.000000 0.000000 0.000000 0.000000 0.000000 0.000000 3.434898 5.677539 5.020269 3.844510 3.490697 4.535605 3.404167 3.434700 3.529621
0.000000 0.000000 0.000000 0.000000 0.000000 0.000000 0.000000 0.000000 0.000000 0.000000 0.000000 0.000000 0.000000 0.000000 0.000000 0.000000 0.000000 0.000000 0.000000 0.000000 0.000000 0.000000 0.000000 0.000000 0.000000 0.000000 0.000000 0.000000 0.000000 0.000000 0.000000 0.000000 0.000000 0.000000 0.000000 0.000000 0.000000 0.000000 0.000000 0.000000 0.000000 0.000000 0.000000 0.000000 0.000000 0.000000 0.000000 0.000000 0.000000 0.000000 0.000000 0.000000 0.000000 0.000000 0.000000 1.719020 4.756636 7.435439 4.010222 4.668756 4.474231 4.864547 3.758747
0.000000 0.000000 0.000000 0.000000 0.000000 0.000000 0.000000 0.000000 0.000000 0.000000 0.000000 0.000000 0.000000 0.000000 0.000000 0.000000 0.000000 0.000000 0.000000 0.000000 0.000000 0.000000 0.000000 0.000000 0.000000 0.000000 0.000000 0.000000 0.000000 0.000000 0.000000 0.000000 0.000000 0.000000 0.000000 0.000000 0.000000 0.000000 0.000000 0.000000 0.000000 0.000000 0.000000 0.000000 0.000000 0.000000 0.000000 0.000000 0.000000 0.000000 0.000000 0.000000 0.000000 0.000000 0.000000 0.000000 0.000000 0.393060 2.722343 4.847134 4.978213 4.392997 4.968686
0.000000 0.000000 0.000000 0.000000 0.000000 0.000000 0.000000 0.000000 0.000000 0.000000 0.000000 0.000000 0.000000 0.000000 0.000000 0.000000 0.000000 0.000000 0.000000 0.000000 0.000000 0.000000 0.000000 0.000000 0.000000 0.000000 0.000000 0.000000 0.000000 0.000000 0.000000 0.000000 0.000000 0.000000 0.000000 0.000000 0.000000 0.000000 0.000000 0.000000 0.000000 0.000000 0.000000 0.000000 0.000000 0.000000 0.000000 0.000000 0.000000 0.000000 0.000000 0.000000 0.000000 0.000000 0.000000 0.000000 0.000000 0.000000 0.000000 0.000000 0.000000 0.000000 0.000000
