data/2006/output_2006_000000016000_Morphology.asc
ncols		517
nrows		378
xllcorner	499547.500000
yllcorner	4174982.500000
cellsize	10.000000
NODATA_value	0.000000
[rows 240 to 263 of 378, columns 162 to 215 of 517]
2567.800000 2561.600000 2555.600000 2549.800000 2543.900000 2538.000000 2532.200000 2526.400000 2520.800000 2514.800000 2508.400000 2501.400000 2494.000000 2487.500000 2480.500000 2474.500000 2469.000000 2463.100000 2457.500000 2451.800000 2446.800000 2441.700000 2435.900000 2432.000000 2427.000000 2420.400000 2413.200000 2406.100000 2399.200000 2392.100000 2385.100000 2378.400000 2371.400000 2367.000000 2363.800000 2361.600000 2358.400000 2352.600000 2346.000000 2341.100000 2336.600000 2332.300000 2328.000000 2323.000000 2317.100000 2309.300000 2307.900000 2304.800000 2300.700000 2296.900000 2292.400000 2287.500000 2283.200000 2279.400000
2567.900000 2561.900000 2555.700000 2549.900000 2544.400000 2538.600000 2532.900000 2527.200000 2521.300000 2515.300000 2508.900000 2502.600000 2495.800000 2488.000000 2480.200000 2473.500000 2467.700000 2462.500000 2457.000000 2451.200000 2446.100000 2441.100000 2435.600000 2431.400000 2428.900000 2421.000000 2413.800000 2407.800000 2401.400000 2394.000000 2386.800000 2379.500000 2372.400000 2366.000000 2361.600000 2359.200000 2356.100000 2351.700000 2344.900000 2339.300000 2334.500000 2329.800000 2325.300000 2321.000000 2315.200000 2310.100000 2307.600000 2303.400000 2300.400000 2296.000000 2291.600000 2287.200000 2283.900000 2281.500000
2566.800000 2560.700000 2554.500000 2548.700000 2543.100000 2537.000000 2531.100000 2525.400000 2519.500000 2513.700000 2507.600000 2501.500000 2495.000000 2488.600000 2481.400000 2473.500000 2467.700000 2461.800000 2456.400000 2451.100000 2445.200000 2439.700000 2434.800000 2429.700000 2424.100000 2417.900000 2411.700000 2405.800000 2399.700000 2393.600000 2387.500000 2380.800000 2374.200000 2367.900000 2362.000000 2357.900000 2354.300000 2351.000000 2345.800000 2338.900000 2334.000000 2328.100000 2322.600000 2318.000000 2313.300000 2310.400000 2307.800000 2306.000000 2301.900000 2296.700000 2292.800000 2287.400000 2282.600000 2278.600000
2566.200000 2560.200000 2554.000000 2548.200000 2542.100000 2536.200000 2530.400000 2524.300000 2518.400000 2511.800000 2506.300000 2500.100000 2493.800000 2487.900000 2481.500000 2474.600000 2468.600000 2462.700000 2456.700000 2451.100000 2445.600000 2440.100000 2434.400000 2429.300000 2423.100000 2416.800000 2410.400000 2404.100000 2398.400000 2392.100000 2386.300000 2380.200000 2374.000000 2367.900000 2361.600000 2355.800000 2351.500000 2346.400000 2343.300000 2337.000000 2331.600000 2326.400000 2320.600000 2316.400000 2310.500000 2305.800000 2303.200000 2303.800000 2301.000000 2298.000000 2294.300000 2287.300000 2281.800000 2276.900000
2566.100000 2559.600000 2554.100000 2548.100000 2542.000000 2536.000000 2530.500000 2523.900000 2518.300000 2512.200000 2506.500000 2500.200000 2493.900000 2487.800000 2481.600000 2475.700000 2469.500000 2463.500000 2457.700000 2451.900000 2446.200000 2440.400000 2435.100000 2429.500000 2423.200000 2416.800000 2410.200000 2403.900000 2397.700000 2391.700000 2385.700000 2380.200000 2373.600000 2367.500000 2361.300000 2354.800000 2348.600000 2343.000000 2338.700000 2333.900000 2328.800000 2325.100000 2321.400000 2316.300000 2311.300000 2305.400000 2300.400000 2300.100000 2298.100000 2296.300000 2293.000000 2286.100000 2280.600000 2274.600000
2566.700000 2560.500000 2554.600000 2548.200000 2542.200000 2536.300000 2530.300000 2524.200000 2518.800000 2512.100000 2506.200000 2500.300000 2494.000000 2488.000000 2482.100000 2475.900000 2470.300000 2464.100000 2458.300000 2452.700000 2446.600000 2441.300000 2435.600000 2429.600000 2423.600000 2417.100000 2409.800000 2403.700000 2397.600000 2391.700000 2386.100000 2380.100000 2374.500000 2368.900000 2361.400000 2354.500000 2348.600000 2342.300000 2336.500000 2330.500000 2326.400000 2323.900000 2319.300000 2315.000000 2309.900000 2305.600000 2300.700000 2296.500000 2295.500000 2292.300000 2288.600000 2284.400000 2280.000000 2274.100000
2567.200000 2561.000000 2554.800000 2548.800000 2542.900000 2536.600000 2530.700000 2524.700000 2518.300000 2512.200000 2506.200000 2500.500000 2493.900000 2488.900000 2482.600000 2476.500000 2470.500000 2464.700000 2459.000000 2453.000000 2447.400000 2441.800000 2435.500000 2429.300000 2422.900000 2417.300000 2410.700000 2404.600000 2398.600000 2392.500000 2386.100000 2380.100000 2374.200000 2368.000000 2361.600000 2355.500000 2349.400000 2343.300000 2337.500000 2331.100000 2325.100000 2320.600000 2317.700000 2314.400000 2311.200000 2306.700000 2301.400000 2295.800000 2292.300000 2291.100000 2287.800000 2284.900000 2280.300000 2274.800000
2568.100000 2561.500000 2555.700000 2549.900000 2543.800000 2537.600000 2531.500000 2525.400000 2519.200000 2513.100000 2507.200000 2501.000000 2495.300000 2488.800000 2483.000000 2477.000000 2471.100000 2465.100000 2459.500000 2453.200000 2447.900000 2442.100000 2436.200000 2430.200000 2424.000000 2418.200000 2412.100000 2405.000000 2399.600000 2393.300000 2387.000000 2381.600000 2374.600000 2369.100000 2362.300000 2356.600000 2350.600000 2344.600000 2338.700000 2333.000000 2327.400000 2321.900000 2315.800000 2311.000000 2309.200000 2305.300000 2300.200000 2295.500000 2289.300000 2290.100000 2287.000000 2283.200000 2277.300000 2271.500000
2569.100000 2562.800000 2556.800000 2551.200000 2545.200000 2539.200000 2533.000000 2527.300000 2521.200000 2515.200000 2508.900000 2502.200000 2496.000000 2489.600000 2483.600000 2477.800000 2472.100000 2466.200000 2460.400000 2454.800000 2449.400000 2444.200000 2439.200000 2434.100000 2427.200000 2419.300000 2412.700000 2406.900000 2401.100000 2395.100000 2389.200000 2383.100000 2376.700000 2370.200000 2364.200000 2358.400000 2351.000000 2345.800000 2339.700000 2334.500000 2328.500000 2323.100000 2316.900000 2310.500000 2305.800000 2303.000000 2299.800000 2294.800000 2289.800000 2285.600000 2283.700000 2280.800000 2277.100000 2273.300000
2571.200000 2565.800000 2560.500000 2554.100000 2547.200000 2541.600000 2536.100000 2530.100000 2523.900000 2518.100000 2510.600000 2503.100000 2497.600000 2491.300000 2485.000000 2480.300000 2473.500000 2467.700000 2462.600000 2456.700000 2451.900000 2446.200000 2441.100000 2435.600000 2430.100000 2423.700000 2417.200000 2410.500000 2404.000000 2397.400000 2390.900000 2384.800000 2378.000000 2371.500000 2365.200000 2359.100000 2354.000000 2347.000000 2341.500000 2336.300000 2329.700000 2324.400000 2319.300000 2312.800000 2308.200000 2303.200000 2298.600000 2295.000000 2291.200000 2285.700000 2281.000000 2275.700000 2272.800000 2270.700000
2572.600000 2566.500000 2560.800000 2555.300000 2548.800000 2542.400000 2536.200000 2530.100000 2523.500000 2517.800000 2511.400000 2505.400000 2499.400000 2493.500000 2487.600000 2481.700000 2476.600000 2471.100000 2465.000000 2459.700000 2454.100000 2448.600000 2443.300000 2437.100000 2431.000000 2424.000000 2418.500000 2411.800000 2405.700000 2399.600000 2393.500000 2386.700000 2380.400000 2374.100000 2368.600000 2361.700000 2355.900000 2350.000000 2344.200000 2338.900000 2333.000000 2327.400000 2322.400000 2317.600000 2312.400000 2306.800000 2300.800000 2294.400000 2288.400000 2283.100000 2279.200000 2274.800000 2268.300000 2266.000000
2574.200000 2568.500000 2563.500000 2557.100000 2549.700000 2543.200000 2537.000000 2531.200000 2525.400000 2520.300000 2514.200000 2508.200000 2502.600000 2496.900000 2491.500000 2485.700000 2480.500000 2474.500000 2469.500000 2463.800000 2457.700000 2451.700000 2445.900000 2439.600000 2433.100000 2427.000000 2420.800000 2414.700000 2409.000000 2402.900000 2397.200000 2390.900000 2384.500000 2378.900000 2372.500000 2365.700000 2359.500000 2352.900000 2346.900000 2339.500000 2332.500000 2327.000000 2322.200000 2317.000000 2311.000000 2304.200000 2298.400000 2292.400000 2286.100000 2280.100000 2274.900000 2271.700000 2266.300000 2261.300000
2575.500000 2569.300000 2563.300000 2557.600000 2551.700000 2546.100000 2540.200000 2534.900000 2529.000000 2522.800000 2517.400000 2511.100000 2505.200000 2499.500000 2492.900000 2487.700000 2483.200000 2477.900000 2472.800000 2467.000000 2461.600000 2455.200000 2448.900000 2442.600000 2436.400000 2430.100000 2423.900000 2417.600000 2411.700000 2404.200000 2397.400000 2390.500000 2383.100000 2376.100000 2369.200000 2363.300000 2356.700000 2350.200000 2344.500000 2338.100000 2331.400000 2325.300000 2319.800000 2314.400000 2309.000000 2303.700000 2298.300000 2292.800000 2287.200000 2281.300000 2274.900000 2269.400000 2265.000000 2260.300000
2578.100000 2572.400000 2566.100000 2559.600000 2553.600000 2547.000000 2540.200000 2534.400000 2528.600000 2522.700000 2516.600000 2510.300000 2503.800000 2496.500000 2490.600000 2485.000000 2479.800000 2474.800000 2469.900000 2463.900000 2459.000000 2453.300000 2446.400000 2440.400000 2434.200000 2427.800000 2422.200000 2415.600000 2408.700000 2401.800000 2395.600000 2388.600000 2381.700000 2375.100000 2368.500000 2362.400000 2356.600000 2350.100000 2344.300000 2338.400000 2331.600000 2326.000000 2320.700000 2315.000000 2310.000000 2304.600000 2299.500000 2294.000000 2289.200000 2283.700000 2278.100000 2272.300000 2266.500000 2260.300000
2578.800000 2571.500000 2564.900000 2558.900000 2553.300000 2548.000000 2541.700000 2536.500000 2530.300000 2523.500000 2517.700000 2510.800000 2504.600000 2498.500000 2493.500000 2487.900000 2481.300000 2475.300000 2469.500000 2463.000000 2457.100000 2451.300000 2445.000000 2439.200000 2433.100000 2427.300000 2421.500000 2415.200000 2408.700000 2402.500000 2395.700000 2389.600000 2383.000000 2377.000000 2372.000000 2366.100000 2360.200000 2353.300000 2346.700000 2341.200000 2335.600000 2330.500000 2323.900000 2318.400000 2313.000000 2306.500000 2299.900000 2292.700000 2287.400000 2281.500000 2275.100000 2268.700000 2262.700000 2256.400000
2580.500000 2574.700000 2568.300000 2561.400000 2554.600000 2548.200000 2541.700000 2535.800000 2529.300000 2522.600000 2516.100000 2509.500000 2503.400000 2497.500000 2492.400000 2486.600000 2481.000000 2475.100000 2470.300000 2464.000000 2459.000000 2453.900000 2447.500000 2441.500000 2435.400000 2429.800000 2424.700000 2418.400000 2412.400000 2406.600000 2400.900000 2393.800000 2386.100000 2379.500000 2373.100000 2366.300000 2360.300000 2353.300000 2347.100000 2340.400000 2334.000000 2327.400000 2321.100000 2315.000000 2308.800000 2302.700000 2296.400000 2289.800000 2283.200000 2277.300000 2271.600000 2265.200000 2259.600000 2253.200000
2581.700000 2574.000000 2566.800000 2559.800000 2552.800000 2545.700000 2539.600000 2533.200000 2526.500000 2519.700000 2513.500000 2507.600000 2500.900000 2494.100000 2489.200000 2483.400000 2477.400000 2471.300000 2464.900000 2459.300000 2454.300000 2448.600000 2442.600000 2436.900000 2431.600000 2426.200000 2420.200000 2414.600000 2408.300000 2402.800000 2397.200000 2390.800000 2384.200000 2377.100000 2370.400000 2363.700000 2357.500000 2350.800000 2344.300000 2337.900000 2331.300000 2324.800000 2318.500000 2312.100000 2305.800000 2299.400000 2293.400000 2286.800000 2280.900000 2274.500000 2268.400000 2262.800000 2256.700000 2251.000000
2579.500000 2572.700000 2566.200000 2559.000000 2552.000000 2545.100000 2538.600000 2532.000000 2524.900000 2517.700000 2511.200000 2504.600000 2497.800000 2491.700000 2485.300000 2479.600000 2474.400000 2468.100000 2462.200000 2455.200000 2449.500000 2444.500000 2439.000000 2432.800000 2427.300000 2422.200000 2417.200000 2411.500000 2404.800000 2398.700000 2392.800000 2386.900000 2380.900000 2375.300000 2369.200000 2363.000000 2356.000000 2349.300000 2342.700000 2336.100000 2329.500000 2323.200000 2316.800000 2310.500000 2304.300000 2298.000000 2291.900000 2285.900000 2279.800000 2274.000000 2268.500000 2262.400000 2256.900000 2251.700000
2579.300000 2572.400000 2565.500000 2558.400000 2551.500000 2544.600000 2537.900000 2531.200000 2524.300000 2517.000000 2510.500000 2503.600000 2496.600000 2490.500000 2483.900000 2477.800000 2471.300000 2465.300000 2459.700000 2453.700000 2448.000000 2441.100000 2435.400000 2429.800000 2424.700000 2419.400000 2414.100000 2407.600000 2401.100000 2395.500000 2389.800000 2384.300000 2379.500000 2374.600000 2369.200000 2362.300000 2355.700000 2349.200000 2342.200000 2335.700000 2330.000000 2323.900000 2318.100000 2311.700000 2304.500000 2298.100000 2292.100000 2286.200000 2280.400000 2274.800000 2269.300000 2263.800000 2258.800000 2253.000000
2580.500000 2572.800000 2565.300000 2558.100000 2551.200000 2544.400000 2537.400000 2529.800000 2522.800000 2515.900000 2509.200000 2502.800000 2496.100000 2489.400000 2482.800000 2476.500000 2470.100000 2464.000000 2458.100000 2452.200000 2446.200000 2440.400000 2434.400000 2428.600000 2422.800000 2417.800000 2411.500000 2406.300000 2399.500000 2394.700000 2388.800000 2383.500000 2378.600000 2373.300000 2368.600000 2362.300000 2356.200000 2350.300000 2343.100000 2337.000000 2331.400000 2325.100000 2319.600000 2313.200000 2306.200000 2299.600000 2293.400000 2287.300000 2281.700000 2276.100000 2270.700000 2265.200000 2259.700000 2254.300000
2580.200000 2572.700000 2565.300000 2557.900000 2549.300000 2542.700000 2535.700000 2528.100000 2520.900000 2513.900000 2507.500000 2501.100000 2494.500000 2488.500000 2482.000000 2475.700000 2469.400000 2463.500000 2457.300000 2451.700000 2445.200000 2439.600000 2433.800000 2427.900000 2421.800000 2416.700000 2410.500000 2405.100000 2399.600000 2394.000000 2388.700000 2383.400000 2378.200000 2373.200000 2368.300000 2363.000000 2357.100000 2349.900000 2343.500000 2337.300000 2331.400000 2325.700000 2320.000000 2313.900000 2307.600000 2301.000000 2294.800000 2289.200000 2283.700000 2277.400000 2272.100000 2266.600000 2261.500000 2256.100000
2579.800000 2572.100000 2562.600000 2555.300000 2548.000000 2541.100000 2533.500000 2526.800000 2520.000000 2513.600000 2507.200000 2500.600000 2494.300000 2488.000000 2481.600000 2475.800000 2469.400000 2462.500000 2456.600000 2451.300000 2444.600000 2439.700000 2432.700000 2428.100000 2421.300000 2416.100000 2410.400000 2404.900000 2399.300000 2393.900000 2388.500000 2383.500000 2378.200000 2373.300000 2368.500000 2363.000000 2356.900000 2350.500000 2344.200000 2337.900000 2331.600000 2325.700000 2319.900000 2314.000000 2307.900000 2302.100000 2296.200000 2290.900000 2285.100000 2279.600000 2274.100000 2268.700000 2263.300000 2257.800000
2579.400000 2572.000000 2562.100000 2554.800000 2547.400000 2540.200000 2533.500000 2526.900000 2520.400000 2513.800000 2507.300000 2500.800000 2494.300000 2488.000000 2481.700000 2474.900000 2469.100000 2462.700000 2457.400000 2451.200000 2445.200000 2440.000000 2433.500000 2427.600000 2421.800000 2416.200000 2410.500000 2405.100000 2399.700000 2394.200000 2388.900000 2383.800000 2378.900000 2373.900000 2369.100000 2363.600000 2357.500000 2351.300000 2345.000000 2338.800000 2332.600000 2326.600000 2320.800000 2314.700000 2308.900000 2303.200000 2297.600000 2292.000000 2286.700000 2281.300000 2276.000000 2270.800000 2265.500000 2260.100000
2582.100000 2575.100000 2563.800000 2555.200000 2547.600000 2540.500000 2533.800000 2527.300000 2520.900000 2513.600000 2506.900000 2500.200000 2494.100000 2488.200000 2481.500000 2475.100000 2470.600000 2464.100000 2457.500000 2451.800000 2445.800000 2440.200000 2434.000000 2428.100000 2422.400000 2416.700000 2411.100000 2405.600000 2400.500000 2394.900000 2389.900000 2384.900000 2379.900000 2374.900000 2369.900000 2364.400000 2358.500000 2352.600000 2346.500000 2340.500000 2334.300000 2328.400000 2322.000000 2316.300000 2310.500000 2305.200000 2299.700000 2293.900000 2288.600000 2283.300000 2278.100000 2272.900000 2267.800000 2262.900000
