data/2006/output_2006_000000016000_Morphology.asc
ncols		517
nrows		378
xllcorner	499547.500000
yllcorner	4174982.500000
cellsize	10.000000
NODATA_value	0.000000
[rows 312 to 335 of 378, columns 162 to 215 of 517]
2505.500000 2498.000000 2490.600000 2483.000000 2477.700000 2472.400000 2466.900000 2462.800000 2458.700000 2455.800000 2452.800000 2451.400000 2447.500000 2440.400000 2434.900000 2430.600000 2426.800000 2428.300000 2423.700000 2420.300000 2409.900000 2400.200000 2393.000000 2384.500000 2377.100000 2369.800000 2362.200000 2355.300000 2348.700000 2342.800000 2337.400000 2331.900000 2325.900000 2320.300000 2315.100000 2308.100000 2301.000000 2293.900000 2289.000000 2282.200000 2274.600000 2266.600000 2260.300000 2253.100000 2246.000000 2238.900000 2233.200000 2226.100000 2218.700000 2211.900000 2205.800000 2199.600000 2193.700000 2187.500000
2503.900000 2496.800000 2489.400000 2482.000000 2474.800000 2468.600000 2463.000000 2458.300000 2454.500000 2451.800000 2449.400000 2445.900000 2442.400000 2434.900000 2430.000000 2425.100000 2420.800000 2419.900000 2417.800000 2415.500000 2417.000000 2413.600000 2400.700000 2385.500000 2377.100000 2369.400000 2361.900000 2354.900000 2348.000000 2341.600000 2335.700000 2330.200000 2324.200000 2318.000000 2311.900000 2305.700000 2299.000000 2292.200000 2285.700000 2279.400000 2271.700000 2265.200000 2258.500000 2251.800000 2246.200000 2238.600000 2231.300000 2224.600000 2218.300000 2211.100000 2203.800000 2197.200000 2191.500000 2185.700000
2503.700000 2497.100000 2490.900000 2483.000000 2474.800000 2468.100000 2461.000000 2453.600000 2448.600000 2444.900000 2443.600000 2441.400000 2435.500000 2428.900000 2424.100000 2419.500000 2415.600000 2411.700000 2409.900000 2408.700000 2408.800000 2412.700000 2404.000000 2387.000000 2378.700000 2370.300000 2361.200000 2354.400000 2348.100000 2341.600000 2335.200000 2328.200000 2321.400000 2315.900000 2310.800000 2304.500000 2298.000000 2291.700000 2285.000000 2278.000000 2270.200000 2262.600000 2255.700000 2249.100000 2243.900000 2237.000000 2229.300000 2222.600000 2215.900000 2209.300000 2202.700000 2196.400000 2189.800000 2182.400000
2509.100000 2501.000000 2497.700000 2489.400000 2476.000000 2468.700000 2459.500000 2451.400000 2444.300000 2439.300000 2436.300000 2436.100000 2431.800000 2424.600000 2418.700000 2413.500000 2409.300000 2405.400000 2402.500000 2401.700000 2403.500000 2408.500000 2401.700000 2386.600000 2375.100000 2370.000000 2361.400000 2352.900000 2348.300000 2341.500000 2333.800000 2324.300000 2317.500000 2312.200000 2307.600000 2303.800000 2300.100000 2291.600000 2283.800000 2276.600000 2268.800000 2262.100000 2256.100000 2248.000000 2241.700000 2233.700000 2226.900000 2220.600000 2212.500000 2206.100000 2199.000000 2192.600000 2187.000000 2181.400000
2508.600000 2503.700000 2502.000000 2496.800000 2482.800000 2470.400000 2462.200000 2451.700000 2444.300000 2434.300000 2429.600000 2427.800000 2424.900000 2420.200000 2414.300000 2408.400000 2403.300000 2399.700000 2396.400000 2395.000000 2396.000000 2402.100000 2398.000000 2377.200000 2370.800000 2363.900000 2360.900000 2354.900000 2342.000000 2336.100000 2331.800000 2322.200000 2314.500000 2307.800000 2302.400000 2299.400000 2297.600000 2292.900000 2285.300000 2277.500000 2269.500000 2261.400000 2254.100000 2246.800000 2239.700000 2232.600000 2225.600000 2219.000000 2212.600000 2205.100000 2197.500000 2190.500000 2184.500000 2178.100000
2501.600000 2497.500000 2495.700000 2494.900000 2488.200000 2469.900000 2464.400000 2444.600000 2434.900000 2428.200000 2424.200000 2420.300000 2417.600000 2414.500000 2409.700000 2403.900000 2398.400000 2394.000000 2390.800000 2388.400000 2388.900000 2394.500000 2393.700000 2378.300000 2366.100000 2359.100000 2352.900000 2353.200000 2336.900000 2330.200000 2325.800000 2315.200000 2308.600000 2302.900000 2297.400000 2293.200000 2290.400000 2290.600000 2286.900000 2280.700000 2270.900000 2263.500000 2256.100000 2248.700000 2241.500000 2234.000000 2225.800000 2217.600000 2210.700000 2204.100000 2197.100000 2189.800000 2182.700000 2175.200000
2496.200000 2492.700000 2487.900000 2488.700000 2488.700000 2470.000000 2457.900000 2442.800000 2433.000000 2424.400000 2418.400000 2414.000000 2410.800000 2408.100000 2403.900000 2399.600000 2393.900000 2388.600000 2384.800000 2382.300000 2382.500000 2386.900000 2382.000000 2375.800000 2371.700000 2357.300000 2348.500000 2341.500000 2333.100000 2325.600000 2319.000000 2310.700000 2303.900000 2297.900000 2292.100000 2287.200000 2284.000000 2282.500000 2280.900000 2278.400000 2271.300000 2263.300000 2255.900000 2248.300000 2241.400000 2232.300000 2225.000000 2216.900000 2210.000000 2203.100000 2196.000000 2189.200000 2182.500000 2175.300000
2488.000000 2484.800000 2477.600000 2473.700000 2474.300000 2472.500000 2456.600000 2443.700000 2435.200000 2423.300000 2414.700000 2409.000000 2404.700000 2401.600000 2397.700000 2393.600000 2389.500000 2383.900000 2379.500000 2376.600000 2375.500000 2377.600000 2382.600000 2367.000000 2371.200000 2364.900000 2351.000000 2337.700000 2331.400000 2324.100000 2315.100000 2308.300000 2300.400000 2293.800000 2287.800000 2282.200000 2278.000000 2275.500000 2273.500000 2271.100000 2268.500000 2264.600000 2256.600000 2248.500000 2240.500000 2232.300000 2224.000000 2216.600000 2210.200000 2202.900000 2196.400000 2189.700000 2182.800000 2177.400000
2485.300000 2473.500000 2466.900000 2464.500000 2465.900000 2469.100000 2452.600000 2447.000000 2441.600000 2425.500000 2412.100000 2404.100000 2399.300000 2395.400000 2390.900000 2387.100000 2383.500000 2379.300000 2374.400000 2370.900000 2369.000000 2368.700000 2372.700000 2363.400000 2356.000000 2361.600000 2352.200000 2333.700000 2326.300000 2321.600000 2313.600000 2304.400000 2297.800000 2291.000000 2284.600000 2278.400000 2272.900000 2268.800000 2265.800000 2263.000000 2261.400000 2260.000000 2258.100000 2249.100000 2241.100000 2235.500000 2221.700000 2214.400000 2207.500000 2201.100000 2193.900000 2188.300000 2180.300000 2175.200000
2470.200000 2466.700000 2463.900000 2450.900000 2452.300000 2452.000000 2443.600000 2441.300000 2439.300000 2427.400000 2417.700000 2403.800000 2394.400000 2390.100000 2385.900000 2381.000000 2376.400000 2372.400000 2368.800000 2365.600000 2363.500000 2361.300000 2364.500000 2370.500000 2354.400000 2346.100000 2336.800000 2331.700000 2322.800000 2315.600000 2309.100000 2302.000000 2294.300000 2287.600000 2281.200000 2275.100000 2269.100000 2263.600000 2259.300000 2256.200000 2254.200000 2252.700000 2252.100000 2246.500000 2237.100000 2229.900000 2223.400000 2210.800000 2204.100000 2197.400000 2191.300000 2185.000000 2179.200000 2171.100000
2464.600000 2456.100000 2448.700000 2443.900000 2443.000000 2444.200000 2437.300000 2433.800000 2436.200000 2423.100000 2415.800000 2401.300000 2389.400000 2384.800000 2380.700000 2376.900000 2371.800000 2366.300000 2361.800000 2359.300000 2357.600000 2354.800000 2357.100000 2364.000000 2350.400000 2338.000000 2332.400000 2325.400000 2318.800000 2315.000000 2305.400000 2298.900000 2291.700000 2284.700000 2277.700000 2271.300000 2265.500000 2259.700000 2254.400000 2250.200000 2247.200000 2245.500000 2245.500000 2242.100000 2232.100000 2225.100000 2218.400000 2207.200000 2200.400000 2193.700000 2187.100000 2181.200000 2175.200000 2167.100000
2458.000000 2449.900000 2442.100000 2437.700000 2434.300000 2433.900000 2432.600000 2426.400000 2431.000000 2420.700000 2413.800000 2397.500000 2385.600000 2380.100000 2375.500000 2370.900000 2367.000000 2362.400000 2357.600000 2352.600000 2352.200000 2348.600000 2347.300000 2345.500000 2340.600000 2331.700000 2327.300000 2321.800000 2315.400000 2308.800000 2301.900000 2295.600000 2289.300000 2281.500000 2274.600000 2267.900000 2261.600000 2255.700000 2250.300000 2245.200000 2241.100000 2238.500000 2238.100000 2235.200000 2227.000000 2219.900000 2212.800000 2204.600000 2197.000000 2190.100000 2183.200000 2176.600000 2170.700000 2163.200000
2453.500000 2446.500000 2439.700000 2432.100000 2427.800000 2423.800000 2420.500000 2418.800000 2419.100000 2419.700000 2410.000000 2402.200000 2390.700000 2375.800000 2370.800000 2366.300000 2361.100000 2357.600000 2352.900000 2348.000000 2345.100000 2342.900000 2338.000000 2335.800000 2329.300000 2324.600000 2321.200000 2316.800000 2311.400000 2305.400000 2299.100000 2292.700000 2286.000000 2278.800000 2271.800000 2264.700000 2258.100000 2251.800000 2246.100000 2240.700000 2235.900000 2232.100000 2230.400000 2228.900000 2222.700000 2217.000000 2210.300000 2203.600000 2196.500000 2189.300000 2180.400000 2173.200000 2166.600000 2160.200000
2450.300000 2444.800000 2439.100000 2427.600000 2422.300000 2418.200000 2414.300000 2411.600000 2411.700000 2414.800000 2412.700000 2405.600000 2393.500000 2380.300000 2366.500000 2361.500000 2357.500000 2353.600000 2348.600000 2344.300000 2339.700000 2335.600000 2332.700000 2328.300000 2323.200000 2319.000000 2314.800000 2311.200000 2306.500000 2301.000000 2295.300000 2289.600000 2283.700000 2277.400000 2270.600000 2263.300000 2256.500000 2248.400000 2241.900000 2236.400000 2231.200000 2226.600000 2223.000000 2222.000000 2218.800000 2212.500000 2206.200000 2198.100000 2191.700000 2186.900000 2180.900000 2171.900000 2163.500000 2157.200000
2443.400000 2438.800000 2429.400000 2423.200000 2417.700000 2412.900000 2408.400000 2404.700000 2403.400000 2407.400000 2411.200000 2403.400000 2381.000000 2368.900000 2361.300000 2356.700000 2352.600000 2348.300000 2343.900000 2339.800000 2335.000000 2330.900000 2327.400000 2323.600000 2318.800000 2313.900000 2309.000000 2304.800000 2301.000000 2296.000000 2290.700000 2285.000000 2279.600000 2273.900000 2269.100000 2265.200000 2260.100000 2249.100000 2240.200000 2231.900000 2227.000000 2221.800000 2217.400000 2214.700000 2216.200000 2211.100000 2201.800000 2194.000000 2188.000000 2181.300000 2175.800000 2171.600000 2164.200000 2155.100000
2438.400000 2431.200000 2425.300000 2418.300000 2413.200000 2408.400000 2403.700000 2399.000000 2395.600000 2398.200000 2394.800000 2388.000000 2372.600000 2365.600000 2358.200000 2352.200000 2347.500000 2343.600000 2339.400000 2334.700000 2330.500000 2325.900000 2321.700000 2318.100000 2313.600000 2310.100000 2304.600000 2299.700000 2295.200000 2290.900000 2285.900000 2280.100000 2274.600000 2269.000000 2263.700000 2259.600000 2253.900000 2247.000000 2236.400000 2228.000000 2221.900000 2217.200000 2212.400000 2208.200000 2207.500000 2203.100000 2195.600000 2189.400000 2183.100000 2176.700000 2170.100000 2164.300000 2159.400000 2152.600000
2437.800000 2429.900000 2422.300000 2416.300000 2410.200000 2404.600000 2399.600000 2394.500000 2389.700000 2387.400000 2385.300000 2382.600000 2369.700000 2362.400000 2355.400000 2348.800000 2343.200000 2338.200000 2334.700000 2330.100000 2326.000000 2321.500000 2316.900000 2312.500000 2307.700000 2305.200000 2299.900000 2295.600000 2290.600000 2285.900000 2281.200000 2275.800000 2269.800000 2264.100000 2258.700000 2253.300000 2247.300000 2240.300000 2232.400000 2224.300000 2216.800000 2212.500000 2207.700000 2202.900000 2199.200000 2198.600000 2190.900000 2184.200000 2178.500000 2169.500000 2164.400000 2159.000000 2154.000000 2148.300000
2436.000000 2428.300000 2420.000000 2413.200000 2407.500000 2401.800000 2396.200000 2390.700000 2385.400000 2380.400000 2376.000000 2372.900000 2365.500000 2360.000000 2352.600000 2345.900000 2339.600000 2334.300000 2329.700000 2325.700000 2321.000000 2316.700000 2312.100000 2307.700000 2303.700000 2298.800000 2294.800000 2290.700000 2286.300000 2281.300000 2276.900000 2271.600000 2266.000000 2259.600000 2253.300000 2248.200000 2243.400000 2233.900000 2226.900000 2219.600000 2210.500000 2207.000000 2203.000000 2198.200000 2193.800000 2190.200000 2189.500000 2180.300000 2173.000000 2165.600000 2158.700000 2153.900000 2148.700000 2142.600000
2440.000000 2435.400000 2425.000000 2411.300000 2404.600000 2398.700000 2393.500000 2387.700000 2382.000000 2376.700000 2371.300000 2366.100000 2360.300000 2355.900000 2349.200000 2342.400000 2336.600000 2330.600000 2325.400000 2320.800000 2316.600000 2312.100000 2307.700000 2303.100000 2299.100000 2294.100000 2290.000000 2284.900000 2280.400000 2276.400000 2272.500000 2268.000000 2263.000000 2256.900000 2250.500000 2242.700000 2237.400000 2232.200000 2222.500000 2214.500000 2205.700000 2201.200000 2197.900000 2193.500000 2188.800000 2184.700000 2181.500000 2180.600000 2171.600000 2164.000000 2155.400000 2147.600000 2143.300000 2138.000000
2434.000000 2433.000000 2425.800000 2410.000000 2403.200000 2395.900000 2390.000000 2384.500000 2378.900000 2373.300000 2368.100000 2362.600000 2356.900000 2351.200000 2344.800000 2338.800000 2333.000000 2327.400000 2321.800000 2316.900000 2312.400000 2308.300000 2303.900000 2298.500000 2294.600000 2290.200000 2285.200000 2280.300000 2275.700000 2272.600000 2267.200000 2264.100000 2259.500000 2254.600000 2249.700000 2245.000000 2232.600000 2225.700000 2219.800000 2211.100000 2202.900000 2196.900000 2192.500000 2188.700000 2184.100000 2179.400000 2175.600000 2172.700000 2168.100000 2160.700000 2154.600000 2144.500000 2137.200000 2132.400000
2428.700000 2423.100000 2420.300000 2414.100000 2401.800000 2394.600000 2387.200000 2381.100000 2375.400000 2369.900000 2364.500000 2359.000000 2353.400000 2347.700000 2342.000000 2336.000000 2330.100000 2324.300000 2318.400000 2313.000000 2308.200000 2303.900000 2299.900000 2295.100000 2291.500000 2285.100000 2280.800000 2276.100000 2270.400000 2266.800000 2262.000000 2257.500000 2255.600000 2250.800000 2246.300000 2242.400000 2238.900000 2223.000000 2215.700000 2209.100000 2202.200000 2195.100000 2188.900000 2183.700000 2179.500000 2174.900000 2170.300000 2166.100000 2161.400000 2154.700000 2149.900000 2144.900000 2136.300000 2128.200000
2427.400000 2421.100000 2413.900000 2407.800000 2400.500000 2393.900000 2386.700000 2379.000000 2372.400000 2366.700000 2361.300000 2355.700000 2350.200000 2344.800000 2339.000000 2333.300000 2327.100000 2321.700000 2316.100000 2310.100000 2304.500000 2299.700000 2295.100000 2290.900000 2286.200000 2281.600000 2276.600000 2271.700000 2264.600000 2260.900000 2257.800000 2253.900000 2248.400000 2245.100000 2241.700000 2237.500000 2233.600000 2220.900000 2212.300000 2205.600000 2199.400000 2193.000000 2186.700000 2180.400000 2174.900000 2170.200000 2165.500000 2161.200000 2156.500000 2151.600000 2146.100000 2140.800000 2136.500000 2129.000000
2425.100000 2418.800000 2412.500000 2406.200000 2399.800000 2392.500000 2385.700000 2379.100000 2371.100000 2364.100000 2358.400000 2352.700000 2346.900000 2341.300000 2335.700000 2330.600000 2324.300000 2319.300000 2312.700000 2307.600000 2301.500000 2296.300000 2291.300000 2286.700000 2282.200000 2277.700000 2272.700000 2267.400000 2261.600000 2257.600000 2252.800000 2248.900000 2244.300000 2240.400000 2235.500000 2232.500000 2228.900000 2223.200000 2209.700000 2202.700000 2196.000000 2189.800000 2183.700000 2177.600000 2171.400000 2166.000000 2161.000000 2156.400000 2151.400000 2147.600000 2141.900000 2136.400000 2132.100000 2128.300000
2424.000000 2416.900000 2410.500000 2404.400000 2398.700000 2391.900000 2385.000000 2378.200000 2371.100000 2363.900000 2356.800000 2349.900000 2344.000000 2338.200000 2332.600000 2327.000000 2321.300000 2315.700000 2309.900000 2304.400000 2299.600000 2291.800000 2287.300000 2282.900000 2278.100000 2273.600000 2268.600000 2263.200000 2258.100000 2253.500000 2248.900000 2244.000000 2239.800000 2235.200000 2230.600000 2227.100000 2224.100000 2219.900000 2214.500000 2199.500000 2192.900000 2186.600000 2180.300000 2174.200000 2168.300000 2162.300000 2156.700000 2151.900000 2147.300000 2142.800000 2138.700000 2132.700000 2127.800000 2123.600000
