data/2006/output_2006_000000016000_Morphology.asc
ncols		517
nrows		378
xllcorner	499547.500000
yllcorner	4174982.500000
cellsize	10.000000
NODATA_value	0.000000
[rows 0 to 23 of 378, columns 270 to 323 of 517]
2512.000000 2508.500000 2505.500000 2501.300000 2497.100000 2495.700000 2491.300000 2487.500000 2484.200000 2482.400000 2481.400000 2478.100000 2476.600000 2470.400000 2465.400000 2462.200000 2461.600000 2454.700000 2450.500000 2447.400000 2446.000000 2440.600000 2434.100000 2428.200000 2422.300000 2417.400000 2412.700000 2409.400000 2403.800000 2398.500000 2393.900000 2390.100000 2387.200000 2384.300000 2380.800000 2377.500000 2373.700000 2369.800000 2366.900000 2361.500000 2354.700000 2347.700000 2341.200000 2336.300000 2331.900000 2326.700000 2321.200000 2316.900000 2312.800000 2307.400000 2303.600000 2300.000000 2296.300000 2294.700000
2511.000000 2507.800000 2504.200000 2500.200000 2495.900000 2493.300000 2490.500000 2486.300000 2484.000000 2481.300000 2479.200000 2476.700000 2472.300000 2465.700000 2460.200000 2456.100000 2455.800000 2450.200000 2444.800000 2442.400000 2444.000000 2438.700000 2432.400000 2427.200000 2421.300000 2418.400000 2415.400000 2412.100000 2404.500000 2399.000000 2394.600000 2391.300000 2388.900000 2386.000000 2381.600000 2378.100000 2374.300000 2368.900000 2365.600000 2359.900000 2351.300000 2344.100000 2337.900000 2333.400000 2328.900000 2324.100000 2318.400000 2312.700000 2308.900000 2304.300000 2300.700000 2297.100000 2293.900000 2291.100000
2510.600000 2506.400000 2501.500000 2499.900000 2496.400000 2491.500000 2488.800000 2486.500000 2483.500000 2480.700000 2477.900000 2474.700000 2467.500000 2461.300000 2455.800000 2451.000000 2448.500000 2446.100000 2441.000000 2440.200000 2439.000000 2436.600000 2431.800000 2427.400000 2424.400000 2421.300000 2419.000000 2412.700000 2406.300000 2400.900000 2396.900000 2394.100000 2389.700000 2385.000000 2382.800000 2376.800000 2372.400000 2368.100000 2362.300000 2355.500000 2347.800000 2340.300000 2336.600000 2331.500000 2325.000000 2320.200000 2315.400000 2311.200000 2306.800000 2302.700000 2299.100000 2296.400000 2292.400000 2288.300000
2507.500000 2504.000000 2498.000000 2495.100000 2497.200000 2491.800000 2487.100000 2483.000000 2482.500000 2480.800000 2479.300000 2473.200000 2466.900000 2461.200000 2454.200000 2448.100000 2443.500000 2441.200000 2440.800000 2439.600000 2438.900000 2436.600000 2434.400000 2432.400000 2428.600000 2425.200000 2420.600000 2414.200000 2409.100000 2403.400000 2399.800000 2395.800000 2390.500000 2385.400000 2380.100000 2377.100000 2371.400000 2365.600000 2360.300000 2353.500000 2344.200000 2338.200000 2333.700000 2329.800000 2324.500000 2320.400000 2315.500000 2311.000000 2307.600000 2302.500000 2298.800000 2294.900000 2291.600000 2287.800000
2506.800000 2502.000000 2497.800000 2491.300000 2489.800000 2490.500000 2486.900000 2483.100000 2481.400000 2479.800000 2478.200000 2472.700000 2466.800000 2461.200000 2455.600000 2448.600000 2444.000000 2442.100000 2440.700000 2441.100000 2438.100000 2436.200000 2433.000000 2431.700000 2427.700000 2424.700000 2420.900000 2416.100000 2410.100000 2404.800000 2398.900000 2392.700000 2386.900000 2383.000000 2378.000000 2374.000000 2368.800000 2364.000000 2356.900000 2350.800000 2344.500000 2336.900000 2332.600000 2328.400000 2324.800000 2322.700000 2317.900000 2312.300000 2307.800000 2303.600000 2299.700000 2295.800000 2292.400000 2287.900000
2503.200000 2499.400000 2493.900000 2490.300000 2486.600000 2485.500000 2483.100000 2482.900000 2481.000000 2478.000000 2474.300000 2470.500000 2466.700000 2462.900000 2456.700000 2452.000000 2446.800000 2442.200000 2440.200000 2441.000000 2439.100000 2435.800000 2432.500000 2431.000000 2430.200000 2427.300000 2421.500000 2415.000000 2409.000000 2402.700000 2395.600000 2389.200000 2383.100000 2377.200000 2373.400000 2369.500000 2365.600000 2361.200000 2356.100000 2348.800000 2341.600000 2335.100000 2329.400000 2325.400000 2323.600000 2321.500000 2318.200000 2315.300000 2311.200000 2305.900000 2300.700000 2297.000000 2291.600000 2288.800000
2499.800000 2496.700000 2492.700000 2488.900000 2484.200000 2482.700000 2481.300000 2478.600000 2477.800000 2477.200000 2475.000000 2470.800000 2468.100000 2464.100000 2459.800000 2453.900000 2448.700000 2443.900000 2440.900000 2440.900000 2440.600000 2435.800000 2432.000000 2429.700000 2428.300000 2425.400000 2419.200000 2413.600000 2407.100000 2399.900000 2393.100000 2386.600000 2379.900000 2373.900000 2368.200000 2363.800000 2359.100000 2355.900000 2352.700000 2346.900000 2340.600000 2333.700000 2327.900000 2322.900000 2318.700000 2316.300000 2315.300000 2313.600000 2309.400000 2306.600000 2302.500000 2296.600000 2292.200000 2287.500000
2494.600000 2490.600000 2489.000000 2486.100000 2485.200000 2480.700000 2477.900000 2476.900000 2476.400000 2475.000000 2476.100000 2472.100000 2466.000000 2461.700000 2456.500000 2451.300000 2448.900000 2444.800000 2441.200000 2441.400000 2447.300000 2441.700000 2437.400000 2434.800000 2429.600000 2422.600000 2416.200000 2409.600000 2403.300000 2396.900000 2390.400000 2383.500000 2376.200000 2369.900000 2364.200000 2359.000000 2355.000000 2349.900000 2346.100000 2342.200000 2338.200000 2331.900000 2325.100000 2320.200000 2315.600000 2312.500000 2310.000000 2308.300000 2307.500000 2306.600000 2300.500000 2295.700000 2293.300000 2289.500000
2490.900000 2487.600000 2485.700000 2484.900000 2481.600000 2481.800000 2478.800000 2473.400000 2471.400000 2472.300000 2473.900000 2471.000000 2465.300000 2460.400000 2453.000000 2448.000000 2446.100000 2444.500000 2443.400000 2442.900000 2440.800000 2435.800000 2434.200000 2430.600000 2423.900000 2418.100000 2411.700000 2406.000000 2399.600000 2392.400000 2385.900000 2378.600000 2372.300000 2366.300000 2360.600000 2354.700000 2349.500000 2346.200000 2341.100000 2337.000000 2332.900000 2329.900000 2323.500000 2317.900000 2312.900000 2308.100000 2305.600000 2303.600000 2301.400000 2301.100000 2300.000000 2296.800000 2292.900000 2288.700000
2493.500000 2489.300000 2484.800000 2481.200000 2478.600000 2476.200000 2476.000000 2474.900000 2469.900000 2467.400000 2466.200000 2467.400000 2466.900000 2461.000000 2455.500000 2448.300000 2445.500000 2445.500000 2444.700000 2440.600000 2435.600000 2429.000000 2423.300000 2425.900000 2420.000000 2413.300000 2407.600000 2402.000000 2395.500000 2388.800000 2380.800000 2374.500000 2367.900000 2361.800000 2355.600000 2350.700000 2345.300000 2340.100000 2337.300000 2331.700000 2328.400000 2324.100000 2321.500000 2314.900000 2310.000000 2306.600000 2303.300000 2300.200000 2297.500000 2296.500000 2293.900000 2290.500000 2287.800000 2285.600000
2490.400000 2488.300000 2486.300000 2482.600000 2478.800000 2476.700000 2473.300000 2469.500000 2469.800000 2466.500000 2462.900000 2461.200000 2462.200000 2461.400000 2456.400000 2451.000000 2450.500000 2445.600000 2440.900000 2433.400000 2428.500000 2423.600000 2418.200000 2413.100000 2415.200000 2410.000000 2402.900000 2398.400000 2391.700000 2384.100000 2377.000000 2371.000000 2365.200000 2358.900000 2352.800000 2346.600000 2340.700000 2335.800000 2331.100000 2328.200000 2325.500000 2319.900000 2316.100000 2312.000000 2307.200000 2303.800000 2301.300000 2299.700000 2294.800000 2291.600000 2288.800000 2284.500000 2281.700000 2279.400000
2484.900000 2482.600000 2481.600000 2479.300000 2475.000000 2472.800000 2471.000000 2467.900000 2463.700000 2464.900000 2463.200000 2459.400000 2458.700000 2456.800000 2455.500000 2452.400000 2447.000000 2441.400000 2435.500000 2429.500000 2422.500000 2417.700000 2412.900000 2407.900000 2402.900000 2399.400000 2397.500000 2391.400000 2387.500000 2379.600000 2372.300000 2366.600000 2360.500000 2355.200000 2349.000000 2342.600000 2336.700000 2331.800000 2326.600000 2322.300000 2320.700000 2317.000000 2312.400000 2308.400000 2303.200000 2299.800000 2299.600000 2297.500000 2293.900000 2290.400000 2285.800000 2282.200000 2277.300000 2273.300000
2483.000000 2478.500000 2476.200000 2472.800000 2471.800000 2468.800000 2467.800000 2464.600000 2463.100000 2458.700000 2459.900000 2459.800000 2457.500000 2455.300000 2452.300000 2450.900000 2446.300000 2439.500000 2432.400000 2425.800000 2418.700000 2413.200000 2407.900000 2402.800000 2398.000000 2393.400000 2387.900000 2385.400000 2379.500000 2374.400000 2367.500000 2361.500000 2356.000000 2350.300000 2344.300000 2338.300000 2332.600000 2327.800000 2322.600000 2317.600000 2313.600000 2311.100000 2308.100000 2304.900000 2300.900000 2295.400000 2295.300000 2292.400000 2289.200000 2286.200000 2282.700000 2278.400000 2275.100000 2270.200000
2480.700000 2476.800000 2472.400000 2469.600000 2465.700000 2465.500000 2465.200000 2462.600000 2461.200000 2458.900000 2454.300000 2454.600000 2455.300000 2453.200000 2448.500000 2445.200000 2443.300000 2437.500000 2431.700000 2424.600000 2417.500000 2410.300000 2403.900000 2398.700000 2393.200000 2388.200000 2383.100000 2377.900000 2373.100000 2367.700000 2362.300000 2356.500000 2351.000000 2345.700000 2339.900000 2334.200000 2328.700000 2323.200000 2318.700000 2313.000000 2308.800000 2304.700000 2302.500000 2300.200000 2296.700000 2292.200000 2286.900000 2285.000000 2282.900000 2280.500000 2276.100000 2273.300000 2270.900000 2267.200000
2478.400000 2473.800000 2470.100000 2467.100000 2463.500000 2461.200000 2460.600000 2460.900000 2459.200000 2457.000000 2454.100000 2449.700000 2448.300000 2449.200000 2447.200000 2441.600000 2439.600000 2436.700000 2430.400000 2423.500000 2416.000000 2409.500000 2402.600000 2395.800000 2389.500000 2384.000000 2378.800000 2373.300000 2367.900000 2362.900000 2357.900000 2351.800000 2346.400000 2340.900000 2335.200000 2329.700000 2324.100000 2318.900000 2313.800000 2308.800000 2303.600000 2299.500000 2296.800000 2293.900000 2290.400000 2286.600000 2282.900000 2278.400000 2277.400000 2274.800000 2269.600000 2266.100000 2264.100000 2262.200000
2477.800000 2473.400000 2468.600000 2464.500000 2460.800000 2458.000000 2455.800000 2454.600000 2452.700000 2454.100000 2451.700000 2446.800000 2442.700000 2442.100000 2442.100000 2440.400000 2436.200000 2433.100000 2428.600000 2421.500000 2415.100000 2407.100000 2400.400000 2394.000000 2387.300000 2380.700000 2375.300000 2369.700000 2364.000000 2358.500000 2353.100000 2347.800000 2342.100000 2336.800000 2330.800000 2325.400000 2320.000000 2314.700000 2309.500000 2304.400000 2299.300000 2294.800000 2291.000000 2289.700000 2287.000000 2281.300000 2279.300000 2274.200000 2270.100000 2268.800000 2265.300000 2260.200000 2257.000000 2255.400000
2476.200000 2472.200000 2467.400000 2463.200000 2458.300000 2454.600000 2451.600000 2449.600000 2448.400000 2448.300000 2449.600000 2444.100000 2440.400000 2437.500000 2435.000000 2433.700000 2432.900000 2430.600000 2427.000000 2419.900000 2412.600000 2405.500000 2398.100000 2391.300000 2385.000000 2378.700000 2372.100000 2366.700000 2361.100000 2355.000000 2349.500000 2343.500000 2338.200000 2332.100000 2327.000000 2321.500000 2316.400000 2310.900000 2305.600000 2300.700000 2295.300000 2290.700000 2286.500000 2283.100000 2281.800000 2277.000000 2273.000000 2268.900000 2263.500000 2260.300000 2259.000000 2257.800000 2252.700000 2248.100000
2473.400000 2469.200000 2465.900000 2461.500000 2457.200000 2452.200000 2448.000000 2445.200000 2444.000000 2443.100000 2444.500000 2443.200000 2439.800000 2434.600000 2429.900000 2427.200000 2425.600000 2425.400000 2424.400000 2419.700000 2412.400000 2405.200000 2398.000000 2390.800000 2384.200000 2377.300000 2370.600000 2364.000000 2357.900000 2351.800000 2346.100000 2340.200000 2334.700000 2328.900000 2324.000000 2317.500000 2312.300000 2306.900000 2301.600000 2296.500000 2291.600000 2286.300000 2281.300000 2277.300000 2274.700000 2272.300000 2267.800000 2263.800000 2258.300000 2253.200000 2251.000000 2250.500000 2248.700000 2244.000000
2473.100000 2468.500000 2463.600000 2459.900000 2456.800000 2452.700000 2447.700000 2442.700000 2440.600000 2438.800000 2438.900000 2437.600000 2435.800000 2431.600000 2427.300000 2423.500000 2419.200000 2418.200000 2418.400000 2418.600000 2412.900000 2404.800000 2397.300000 2389.400000 2382.400000 2376.900000 2369.400000 2362.400000 2356.200000 2349.700000 2343.300000 2337.800000 2332.500000 2326.100000 2320.300000 2314.800000 2309.000000 2303.400000 2298.100000 2292.700000 2287.700000 2282.400000 2276.900000 2272.900000 2268.900000 2266.400000 2262.000000 2257.300000 2252.500000 2248.000000 2243.700000 2242.100000 2240.000000 2240.300000
2472.800000 2469.400000 2464.600000 2459.500000 2454.700000 2451.300000 2446.200000 2441.900000 2437.300000 2435.600000 2433.200000 2433.900000 2432.000000 2427.100000 2423.600000 2418.100000 2413.700000 2411.200000 2411.300000 2411.400000 2409.400000 2402.600000 2395.400000 2388.100000 2380.900000 2374.200000 2367.300000 2360.300000 2354.100000 2347.400000 2341.100000 2334.500000 2329.100000 2323.700000 2317.000000 2312.000000 2305.700000 2301.100000 2294.800000 2289.400000 2283.900000 2278.900000 2273.600000 2268.800000 2264.200000 2260.000000 2256.600000 2251.600000 2247.500000 2242.300000 2238.100000 2234.000000 2231.300000 2230.900000
2469.700000 2466.200000 2463.300000 2460.300000 2455.800000 2450.600000 2445.000000 2440.200000 2436.100000 2432.400000 2429.900000 2429.100000 2428.600000 2423.700000 2418.400000 2413.900000 2408.300000 2404.500000 2404.300000 2403.900000 2404.500000 2400.000000 2392.000000 2385.200000 2378.500000 2371.800000 2365.000000 2357.900000 2351.500000 2345.000000 2338.100000 2332.000000 2326.100000 2320.400000 2315.000000 2309.300000 2303.700000 2297.200000 2292.300000 2286.900000 2282.100000 2275.800000 2270.000000 2264.900000 2260.100000 2255.900000 2251.200000 2246.800000 2241.800000 2237.800000 2233.400000 2229.300000 2225.100000 2222.800000
2471.400000 2465.100000 2460.600000 2456.500000 2452.800000 2450.000000 2445.900000 2439.100000 2434.000000 2429.600000 2426.700000 2424.100000 2422.600000 2419.100000 2413.700000 2408.900000 2403.800000 2398.500000 2397.200000 2397.100000 2398.300000 2397.700000 2390.500000 2383.400000 2376.300000 2369.100000 2362.300000 2355.800000 2349.200000 2342.600000 2335.900000 2329.800000 2323.500000 2316.400000 2311.200000 2305.800000 2300.500000 2295.300000 2289.500000 2282.900000 2278.300000 2273.400000 2267.100000 2261.900000 2257.000000 2252.100000 2247.600000 2242.500000 2237.400000 2232.900000 2228.900000 2225.500000 2221.200000 2217.000000
2472.600000 2467.200000 2461.500000 2457.200000 2452.300000 2446.900000 2443.200000 2438.200000 2432.800000 2428.800000 2423.900000 2419.700000 2416.500000 2413.700000 2409.900000 2404.600000 2399.300000 2394.800000 2390.600000 2390.000000 2390.600000 2391.500000 2388.900000 2381.300000 2374.400000 2367.400000 2361.900000 2354.900000 2347.900000 2341.000000 2334.300000 2327.700000 2321.300000 2314.700000 2308.100000 2302.000000 2297.200000 2291.500000 2286.800000 2281.400000 2275.200000 2268.700000 2263.300000 2259.400000 2253.300000 2248.700000 2243.600000 2238.900000 2234.100000 2229.300000 2224.300000 2220.500000 2216.100000 2212.400000
2469.000000 2467.800000 2463.800000 2458.200000 2452.500000 2447.100000 2440.500000 2436.000000 2432.200000 2427.700000 2423.200000 2417.700000 2413.300000 2409.800000 2406.200000 2402.000000 2397.000000 2391.300000 2386.400000 2383.400000 2383.400000 2383.800000 2384.700000 2378.200000 2371.400000 2365.100000 2358.600000 2354.100000 2349.100000 2341.800000 2334.300000 2327.100000 2320.200000 2313.200000 2306.300000 2300.000000 2293.800000 2288.500000 2282.400000 2277.200000 2272.600000 2266.000000 2261.500000 2256.000000 2250.000000 2245.000000 2240.000000 2235.600000 2230.800000 2226.000000 2220.900000 2216.000000 2212.200000 2207.900000
